date,day_trade_volume,day_trade_ratio
2016-02-01,0,0.0
2016-02-02,0,0.0
2016-02-03,0,0.0
2016-02-15,0,0.0
2016-02-16,0,0.0
2016-02-17,0,0.0
2016-02-18,0,0.0
2016-02-19,0,0.0
2016-02-22,0,0.0
2016-02-23,0,0.0
2016-02-24,0,0.0
2016-02-25,0,0.0
2016-02-26,3000,0.075
2016-03-01,0,0.0
2016-03-02,0,0.0
2016-03-03,0,0.0
2016-03-04,1000,0.0384
2016-03-07,19000,0.0805
2016-03-08,0,0.0
2016-03-09,2000,0.0075
2016-03-10,0,0.0
2016-03-11,1000,0.0322
2016-03-14,0,0.0
2016-03-15,0,0.0
2016-03-16,0,0.0
2016-03-17,1000,0.01
2016-03-18,0,0.0
2016-03-21,21000,0.083
2016-03-22,0,0.0
2016-03-23,0,0.0
2016-03-24,0,0.0
2016-03-25,0,0.0
2016-03-28,0,0.0
2016-03-29,0,0.0
2016-03-30,0,0.0
2016-03-31,0,0.0
2016-04-01,2000,0.0362
2016-04-06,0,0.0
2016-04-07,0,0.0
2016-04-08,0,0.0
2016-04-11,0,0.0
2016-04-12,1000,0.0149
2016-04-13,0,0.0
2016-04-14,7000,0.0588
2016-04-15,0,0.0
2016-04-18,3000,0.0323
2016-04-19,0,0.0
2016-04-20,0,0.0
2016-04-21,0,0.0
2016-04-22,0,0.0
2016-04-25,0,0.0
2016-04-26,2000,0.0847
2016-04-27,1000,0.0552
2016-04-28,0,0.0
2016-04-29,0,0.0
2016-05-03,6000,0.0561
2016-05-04,4000,0.0506
2016-05-05,0,0.0
2016-05-06,0,0.0
2016-05-09,2000,0.0454
2016-05-10,1000,0.0769
2016-05-11,2000,0.1049
2016-05-12,0,0.0
2016-05-13,0,0.0
2016-05-16,2000,0.0178
2016-05-17,0,0.0
2016-05-18,1000,0.0154
2016-05-19,3000,0.0498
2016-05-20,0,0.0
2016-05-23,1000,0.0065
2016-05-24,0,0.0
2016-05-25,0,0.0
2016-05-26,0,0.0
2016-05-27,1000,0.0037
2016-05-30,1000,0.005
2016-05-31,1000,0.0034
2016-06-01,0,0.0
2016-06-02,0,0.0
2016-06-03,1000,0.0178
2016-06-06,0,0.0
2016-06-07,0,0.0
2016-06-08,0,0.0
2016-06-13,0,0.0
2016-06-14,0,0.0
2016-06-15,0,0.0
2016-06-16,0,0.0
2016-06-17,0,0.0
2016-06-20,1000,0.054
2016-06-21,0,0.0
2016-06-22,0,0.0
2016-06-23,0,0.0
2016-06-24,0,0.0
2016-06-27,2000,0.0292
2016-06-28,0,0.0
2016-06-29,0,0.0
2016-06-30,0,0.0
2016-07-01,0,0.0
2016-07-04,0,0.0
2016-07-05,0,0.0
2016-07-06,0,0.0
2016-07-07,0,0.0
2016-07-11,0,0.0
2016-07-12,0,0.0
2016-07-13,0,0.0
2016-07-14,0,0.0
2016-07-15,2000,0.0714
2016-07-18,0,0.0
2016-07-19,0,0.0
2016-07-20,0,0.0
2016-07-21,2000,0.0194
2016-07-22,0,0.0
2016-07-25,0,0.0
2016-07-26,0,0.0
2016-07-27,0,0.0
2016-07-28,0,0.0
2016-07-29,0,0.0
2016-08-01,0,0.0
2016-08-02,0,0.0
2016-08-03,0,0.0
2016-08-04,0,0.0
2016-08-05,0,0.0
2016-08-08,1000,0.0213
2016-08-09,0,0.0
2016-08-10,0,0.0
2016-08-11,1000,0.0417
2016-08-12,0,0.0
2016-08-15,0,0.0
2016-08-16,0,0.0
2016-08-17,1000,0.0093
2016-08-18,2000,0.0642
2016-08-19,3000,0.0435
2016-08-22,0,0.0
2016-08-23,0,0.0
2016-08-24,0,0.0
2016-08-25,0,0.0
2016-08-26,0,0.0
2016-08-29,4000,0.1176
2016-08-30,0,0.0
2016-08-31,0,0.0
2016-09-01,0,0.0
2016-09-02,0,0.0
2016-09-05,0,0.0
2016-09-06,0,0.0
2016-09-07,1000,0.0122
2016-09-08,0,0.0
2016-09-09,0,0.0
2016-09-12,2000,0.0869
2016-09-13,0,0.0
2016-09-14,0,0.0
2016-09-19,1000,0.0256
2016-09-20,0,0.0
2016-09-21,0,0.0
2016-09-22,0,0.0
2016-09-23,0,0.0
2016-09-26,0,0.0
2016-09-29,0,0.0
2016-09-30,0,0.0
2016-10-03,0,0.0
2016-10-04,0,0.0
2016-10-05,0,0.0
2016-10-06,0,0.0
2016-10-07,0,0.0
2016-10-11,0,0.0
2016-10-12,0,0.0
2016-10-13,0,0.0
2016-10-14,0,0.0
2016-10-17,0,0.0
2016-10-18,1000,0.0384
2016-10-19,2000,0.0785
2016-10-20,1000,0.0625
2016-10-21,0,0.0
2016-10-24,0,0.0
2016-10-25,0,0.0
2016-10-26,0,0.0
2016-10-27,0,0.0
2016-10-28,0,0.0
2016-10-31,0,0.0
2016-11-01,0,0.0
2016-11-02,0,0.0
2016-11-03,0,0.0
2016-11-04,1000,0.0093
2016-11-07,12000,0.0388
2016-11-08,0,0.0
2016-11-09,0,0.0
2016-11-10,1000,0.0256
2016-11-11,0,0.0
2016-11-14,1000,0.0001
2016-11-15,23000,0.0465
2016-11-16,46000,0.149
2016-11-17,2000,0.014
2016-11-18,6000,0.0199
2016-11-21,6000,0.0288
2016-11-22,3000,0.0144
2016-11-23,12000,0.0389
2016-11-24,2000,0.0093
2016-11-25,3000,0.0057
2016-11-28,9000,0.024
2016-11-29,4000,0.0231
2016-11-30,4000,0.0033
2016-12-01,6000,0.0343
2016-12-02,5000,0.041
2016-12-05,9000,0.0592
2016-12-06,15000,0.0698
2016-12-07,4000,0.0615
2016-12-08,10000,0.0629
2016-12-09,2000,0.0465
2016-12-12,2000,0.0145
2016-12-13,0,0.0
2016-12-14,6000,0.0612
2016-12-15,1000,0.0131
2016-12-16,0,0.0
2016-12-19,1000,0.031
2016-12-20,0,0.0
2016-12-21,6000,0.1094
2016-12-22,0,0.0
2016-12-23,0,0.0
2016-12-26,0,0.0
2016-12-27,2000,0.0952
2016-12-28,0,0.0
2016-12-29,0,0.0
2016-12-30,1000,0.0118
2017-01-03,2000,0.0122
2017-01-04,0,0.0
2017-01-05,44000,0.1433
2017-01-06,10000,0.0649
2017-01-09,1000,0.025
2017-01-10,0,0.0
2017-01-11,0,0.0
2017-01-12,2000,0.0353
2017-01-13,0,0.0
2017-01-16,1000,0.0241
2017-01-17,2000,0.0649
2017-01-18,0,0.0
2017-01-19,1000,0.0172
2017-01-20,4000,0.0615
2017-01-23,7000,0.0603
2017-01-24,6000,0.024
2017-02-02,4000,0.0533
2017-02-03,0,0.0
2017-02-06,15000,0.0472
2017-02-07,9000,0.0825
2017-02-08,2000,0.0303
2017-02-09,10000,0.1438
2017-02-10,2000,0.0199
2017-02-13,13000,0.1528
2017-02-14,5000,0.0822
2017-02-15,34000,0.0475
2017-02-16,37000,0.0902
2017-02-17,2000,0.0157
2017-02-20,7000,0.1486
2017-02-21,41000,0.1599
2017-02-22,1000,0.0131
2017-02-23,3000,0.0683
2017-02-24,3000,0.0316
2017-03-01,2000,0.0232
2017-03-02,1000,0.0147
2017-03-03,43000,0.228
2017-03-06,0,0.0
2017-03-07,25000,0.115
2017-03-08,1000,0.0192
2017-03-09,4000,0.0519
2017-03-10,12000,0.2221
2017-03-13,12000,0.1534
2017-03-14,4000,0.0512
2017-03-15,4000,0.0677
2017-03-16,3000,0.0306
2017-03-17,12000,0.1298
2017-03-20,3000,0.0238
2017-03-21,3000,0.015
2017-03-22,0,0.0
2017-03-23,0,0.0
2017-03-24,0,0.0
2017-03-27,0,0.0
2017-03-28,1000,0.0206
2017-03-29,3000,0.0476
2017-03-30,1000,0.0287
2017-03-31,1000,0.0762
2017-04-05,0,0.0
2017-04-06,5000,0.0889
2017-04-07,0,0.0
2017-04-10,0,0.0
2017-04-11,1000,0.013
2017-04-12,1000,0.0098
2017-04-13,0,0.0
2017-04-14,10000,0.0741
2017-04-17,1000,0.0322
2017-04-18,1000,0.0333
2017-04-19,8000,0.1143
2017-04-20,0,0.0
2017-04-21,0,0.0
2017-04-24,0,0.0
2017-04-25,2000,0.0625
2017-04-26,0,0.0
2017-04-27,1000,0.0995
2017-04-28,1000,0.0554
2017-05-02,0,0.0
2017-05-03,0,0.0
2017-05-04,0,0.0
2017-05-05,1000,0.0357
2017-05-08,4000,0.0889
2017-05-09,1000,0.0172
2017-05-10,0,0.0
2017-05-11,0,0.0
2017-05-12,0,0.0
2017-05-15,2000,0.0311
2017-05-16,0,0.0
2017-05-17,0,0.0
2017-05-18,0,0.0
2017-05-19,0,0.0
2017-05-22,0,0.0
2017-05-23,2000,0.088
2017-05-24,4000,0.1357
2017-05-25,3000,0.1017
2017-05-26,0,0.0
2017-05-31,0,0.0
2017-06-01,0,0.0
2017-06-02,0,0.0
2017-06-05,0,0.0
2017-06-06,0,0.0
2017-06-07,1000,0.1365
2017-06-08,0,0.0
2017-06-09,3000,0.1211
2017-06-12,4000,0.0386
2017-06-13,5000,0.0905
2017-06-14,0,0.0
2017-06-15,2000,0.0097
2017-06-16,4000,0.0937
2017-06-19,0,0.0
2017-06-20,3000,0.1062
2017-06-21,1000,0.0129
2017-06-22,0,0.0
2017-06-23,0,0.0
2017-06-26,0,0.0
2017-06-27,0,0.0
2017-06-28,1000,0.0205
2017-06-29,0,0.0
2017-06-30,0,0.0
2017-07-03,1000,0.0141
2017-07-04,0,0.0
2017-07-05,0,0.0
2017-07-06,0,0.0
2017-07-07,1000,0.0286
2017-07-10,2000,0.1294
2017-07-11,2000,0.033
2017-07-12,2000,0.087
2017-07-13,0,0.0
2017-07-14,0,0.0
2017-07-17,0,0.0
2017-07-18,7000,0.0823
2017-07-19,1000,0.0513
2017-07-20,2000,0.032
2017-07-21,1000,0.0345
2017-07-24,7000,0.1503
2017-07-25,2000,0.0349
2017-07-26,0,0.0
2017-07-27,2000,0.0426
2017-07-28,0,0.0
2017-07-31,0,0.0
2017-08-01,2000,0.026
2017-08-02,1000,0.0666
2017-08-03,0,0.0
2017-08-04,20000,0.1447
2017-08-07,0,0.0
2017-08-08,0,0.0
2017-08-09,2000,0.0952
2017-08-10,1000,0.0256
2017-08-11,1000,0.0463
2017-08-14,7000,0.132
2017-08-15,1000,0.0294
2017-08-16,12000,0.1378
2017-08-17,8000,0.2253
2017-08-18,0,0.0
2017-08-21,15000,0.1071
2017-08-22,12000,0.2445
2017-08-23,7000,0.1267
2017-08-24,3000,0.0833
2017-08-25,18000,0.1598
2017-08-28,7000,0.145
2017-08-29,3000,0.0595
2017-08-30,16000,0.0941
2017-08-31,0,0.0
2017-09-01,2000,0.0339
2017-09-04,1000,0.0302
2017-09-05,10000,0.2174
2017-09-06,1000,0.026
2017-09-07,22000,0.3578
2017-09-08,2000,0.0807
2017-09-11,8000,0.1419
2017-09-12,35000,0.1953
2017-09-13,184000,0.2901
2017-09-14,61000,0.1732
2017-09-15,2000,0.0208
2017-09-18,0,0.0
2017-09-19,6000,0.0385
2017-09-20,5000,0.0781
2017-09-21,0,0.0
2017-09-22,6000,0.0688
2017-09-25,3000,0.0357
2017-09-26,9000,0.1176
2017-09-27,1000,0.0383
2017-09-28,8000,0.3407
2017-09-29,0,0.0
2017-10-02,2000,0.0645
2017-10-03,1000,0.0714
2017-10-05,6000,0.0635
2017-10-06,1000,0.02
2017-10-11,3000,0.1057
2017-10-12,0,0.0
2017-10-13,0,0.0
2017-10-16,11000,0.1503
2017-10-17,0,0.0
2017-10-18,6000,0.063
2017-10-19,0,0.0
2017-10-20,4000,0.0741
2017-10-23,8000,0.1449
2017-10-24,1000,0.0301
2017-10-25,10000,0.0774
2017-10-26,1000,0.0556
2017-10-27,10000,0.2301
2017-10-30,5000,0.0729
2017-10-31,1000,0.0464
2017-11-01,7000,0.1346
2017-11-02,1000,0.0701
2017-11-03,1000,0.0495
2017-11-06,8000,0.2278
2017-11-07,3000,0.0857
2017-11-08,1000,0.0308
2017-11-09,10000,0.2528
2017-11-10,13000,0.3171
2017-11-13,2000,0.0765
2017-11-14,7000,0.1892
2017-11-15,10000,0.1314
2017-11-16,5000,0.1136
2017-11-17,5000,0.1083
2017-11-20,4000,0.0675
2017-11-21,4000,0.0797
2017-11-22,1000,0.0061
2017-11-23,3000,0.0711
2017-11-24,0,0.0
2017-11-27,1000,0.0248
2017-11-28,5000,0.0575
2017-11-29,3000,0.1488
2017-11-30,7000,0.0864
2017-12-01,26000,0.3546
2017-12-04,21000,0.2625
2017-12-05,1000,0.0526
2017-12-06,0,0.0
2017-12-07,5000,0.2157
2017-12-08,3000,0.0698
2017-12-11,1000,0.0617
2017-12-12,1000,0.1658
2017-12-13,2000,0.0515
2017-12-14,3000,0.0909
2017-12-15,0,0.0
2017-12-18,1000,0.0343
2017-12-19,0,0.0
2017-12-20,4000,0.0961
2017-12-21,1000,0.027
2017-12-22,1000,0.0398
2017-12-25,8000,0.1
2017-12-26,1000,0.0119
2017-12-27,1000,0.013
2017-12-28,15000,0.0424
2017-12-29,5000,0.0257
2018-01-02,0,0.0
2018-01-03,25000,0.1369
2018-01-04,4000,0.0533
2018-01-05,0,0.0
2018-01-08,2000,0.022
2018-01-09,14000,0.1204
2018-01-10,17000,0.099
2018-01-11,6000,0.0594
2018-01-12,15000,0.0311
2018-01-15,11000,0.0499
2018-01-16,8000,0.0567
2018-01-17,1000,0.0085
2018-01-18,6000,0.0862
2018-01-19,9000,0.0735
2018-01-22,0,0.0
2018-01-23,0,0.0
2018-01-24,0,0.0
2018-01-25,14000,0.1026
2018-01-26,2000,0.0136
2018-01-29,8000,0.043
2018-01-30,6000,0.0198
2018-01-31,18000,0.1413
2018-02-01,2000,0.0383
2018-02-02,6000,0.0587
2018-02-05,4000,0.0926
2018-02-06,2000,0.0114
2018-02-07,0,0.0
2018-02-08,7000,0.2
2018-02-09,2000,0.0328
2018-02-12,1000,0.0432
2018-02-21,0,0.0
2018-02-22,0,0.0
2018-02-23,0,0.0
2018-02-26,55000,0.1991
2018-02-27,12000,0.1332
2018-03-01,1000,0.0261
2018-03-02,2000,0.0689
2018-03-05,9000,0.1286
2018-03-06,3000,0.0651
2018-03-07,0,0.0
2018-03-08,3000,0.0638
2018-03-09,2000,0.0645
2018-03-12,0,0.0
2018-03-13,4000,0.1111
2018-03-14,0,0.0
2018-03-15,2000,0.2222
2018-03-16,2000,0.0823
2018-03-19,3000,0.0988
2018-03-20,9000,0.2091
2018-03-21,4000,0.1526
2018-03-22,0,0.0
2018-03-23,4000,0.0889
2018-03-26,1000,0.03
2018-03-27,0,0.0
2018-03-28,0,0.0
2018-03-29,0,0.0
2018-03-30,1000,0.0553
2018-04-02,1000,0.1422
2018-04-03,0,0.0
2018-04-09,0,0.0
2018-04-10,0,0.0
2018-04-11,0,0.0
2018-04-12,0,0.0
2018-04-13,0,0.0
2018-04-16,3000,0.0882
2018-04-17,1000,0.0659
2018-04-18,3000,0.1761
2018-04-19,6000,0.1132
2018-04-20,0,0.0
2018-04-23,5000,0.0806
2018-04-24,0,0.0
2018-04-25,0,0.0
2018-04-26,0,0.0
2018-04-27,1000,0.0625
2018-04-30,1000,0.0666
2018-05-02,0,0.0
2018-05-03,0,0.0
2018-05-04,1000,0.0312
2018-05-07,0,0.0
2018-05-08,2000,0.0067
2018-05-09,0,0.0
2018-05-10,4000,0.0354
2018-05-11,0,0.0
2018-05-14,15000,0.2299
2018-05-15,1000,0.0254
2018-05-16,15000,0.2055
2018-05-17,0,0.0
2018-05-18,0,0.0
2018-05-21,1000,0.0714
2018-05-22,2000,0.0606
2018-05-23,0,0.0
2018-05-24,0,0.0
2018-05-25,0,0.0
2018-05-28,0,0.0
2018-05-29,2000,0.0617
2018-05-30,0,0.0
2018-05-31,0,0.0
2018-06-01,0,0.0
2018-06-04,0,0.0
2018-06-05,0,0.0
2018-06-06,1000,0.0098
2018-06-07,6000,0.1298
2018-06-08,2000,0.1476
2018-06-11,0,0.0
2018-06-12,1000,0.1428
2018-06-13,0,0.0
2018-06-14,0,0.0
2018-06-15,0,0.0
2018-06-19,0,0.0
2018-06-20,2000,0.0619
2018-06-21,0,0.0
2018-06-22,0,0.0
2018-06-25,0,0.0
2018-06-26,0,0.0
2018-06-27,0,0.0
2018-06-28,3000,0.075
2018-06-29,0,0.0
2018-07-02,1000,0.0333
2018-07-03,0,0.0
2018-07-04,0,0.0
2018-07-05,0,0.0
2018-07-06,0,0.0
2018-07-09,2000,0.0619
2018-07-10,0,0.0
2018-07-11,0,0.0
2018-07-12,0,0.0
2018-07-13,3000,0.0995
2018-07-16,0,0.0
2018-07-17,2000,0.1973
2018-07-18,1000,0.0248
2018-07-19,0,0.0
2018-07-20,0,0.0
2018-07-23,0,0.0
2018-07-24,0,0.0
2018-07-25,0,0.0
2018-07-26,0,0.0
2018-07-27,2000,0.0333
2018-07-30,0,0.0
2018-07-31,0,0.0
2018-08-01,1000,0.0666
2018-08-02,1000,0.0099
2018-08-03,6000,0.0319
2018-08-06,0,0.0
2018-08-07,3000,0.0458
2018-08-08,1000,0.0206
2018-08-09,2000,0.0622
2018-08-10,0,0.0
2018-08-13,0,0.0
2018-08-14,0,0.0
2018-08-15,0,0.0
2018-08-16,0,0.0
2018-08-17,0,0.0
2018-08-20,0,0.0
2018-08-21,0,0.0
2018-08-22,1000,0.0828
2018-08-23,0,0.0
2018-08-24,1000,0.1111
2018-08-27,0,0.0
2018-08-28,0,0.0
2018-08-29,0,0.0
2018-08-30,0,0.0
2018-08-31,0,0.0
2018-09-03,1000,0.0891
2018-09-04,0,0.0
2018-09-05,0,0.0
2018-09-06,0,0.0
2018-09-07,0,0.0
2018-09-10,2000,0.0714
2018-09-11,0,0.0
2018-09-12,2000,0.1111
2018-09-13,0,0.0
2018-09-14,0,0.0
2018-09-17,0,0.0
2018-09-18,5000,0.2162
2018-09-19,0,0.0
2018-09-20,1000,0.0192
2018-09-21,0,0.0
2018-09-25,0,0.0
2018-09-26,0,0.0
2018-09-27,1000,0.0769
2018-09-28,0,0.0
2018-10-01,0,0.0
2018-10-02,0,0.0
2018-10-03,9000,0.1216
2018-10-04,0,0.0
2018-10-05,0,0.0
2018-10-08,0,0.0
2018-10-09,2000,0.0426
2018-10-11,1000,0.0126
2018-10-12,3000,0.0451
2018-10-15,0,0.0
2018-10-16,0,0.0
2018-10-17,1000,0.0312
2018-10-18,1000,0.1425
2018-10-19,0,0.0
2018-10-22,3000,0.1764
2018-10-23,5000,0.2079
2018-10-24,2000,0.0714
2018-10-25,3000,0.1289
2018-10-26,1000,0.0417
2018-10-29,0,0.0
2018-10-30,15000,0.2308
2018-10-31,1000,0.0667
2018-11-01,0,0.0
2018-11-02,4000,0.25
2018-11-05,0,0.0
2018-11-06,0,0.0
2018-11-07,0,0.0
2018-11-08,3000,0.1069
2018-11-09,0,0.0
2018-11-12,1000,0.1934
2018-11-13,1000,0.0588
2018-11-14,0,0.0
2018-11-15,1000,0.1637
2018-11-16,4000,0.5672
2018-11-19,0,0.0
2018-11-20,0,0.0
2018-11-21,0,0.0
2018-11-22,0,0.0
2018-11-23,0,0.0
2018-11-26,0,0.0
2018-11-27,0,0.0
2018-11-28,0,0.0
2018-11-29,0,0.0
2018-11-30,1000,0.0621
2018-12-03,0,0.0
2018-12-04,1000,0.0301
2018-12-05,0,0.0
2018-12-06,0,0.0
2018-12-07,0,0.0
2018-12-10,5000,0.1786
2018-12-11,0,0.0
2018-12-12,0,0.0
2018-12-13,0,0.0
2018-12-14,0,0.0
2018-12-17,1000,0.0901
2018-12-18,0,0.0
2018-12-19,0,0.0
2018-12-20,1000,0.0833
2018-12-21,1000,0.0666
2018-12-24,0,0.0
2018-12-25,0,0.0
2018-12-26,0,0.0
2018-12-27,0,0.0
2018-12-28,2000,0.2857
2019-01-02,0,0.0
2019-01-03,0,0.0
2019-01-04,0,0.0
2019-01-07,0,0.0
2019-01-08,0,0.0
2019-01-09,0,0.0
2019-01-10,0,0.0
2019-01-11,0,0.0
2019-01-14,0,0.0
2019-01-15,0,0.0
2019-01-16,0,0.0
2019-01-17,0,0.0
2019-01-18,0,0.0
2019-01-21,0,0.0
2019-01-22,0,0.0
2019-01-23,0,0.0
2019-01-24,0,0.0
2019-01-25,1000,0.0294
2019-01-28,0,0.0
2019-01-29,0,0.0
2019-01-30,0,0.0
2019-02-11,0,0.0
2019-02-12,0,0.0
2019-02-13,0,0.0
2019-02-14,1000,0.0188
2019-02-15,2000,0.0407
2019-02-18,0,0.0
2019-02-19,0,0.0
2019-02-20,0,0.0
2019-02-21,0,0.0
2019-02-22,0,0.0
2019-02-25,0,0.0
2019-02-26,0,0.0
2019-02-27,0,0.0
2019-03-04,0,0.0
2019-03-05,1000,0.0333
2019-03-06,10000,0.1917
2019-03-07,0,0.0
2019-03-08,0,0.0
2019-03-11,2000,0.0833
2019-03-12,0,0.0
2019-03-13,0,0.0
2019-03-14,2000,0.023
2019-03-15,0,0.0
2019-03-18,0,0.0
2019-03-19,0,0.0
2019-03-20,0,0.0
2019-03-21,0,0.0
2019-03-22,0,0.0
2019-03-25,1000,0.1666
2019-03-26,16000,0.1536
2019-03-27,2000,0.1403
2019-03-28,1000,0.1266
2019-03-29,0,0.0
2019-04-01,0,0.0
2019-04-02,0,0.0
2019-04-03,1000,0.0992
2019-04-08,0,0.0
2019-04-09,0,0.0
2019-04-10,0,0.0
2019-04-11,3000,0.198
2019-04-12,1000,0.1386
2019-04-15,0,0.0
2019-04-16,0,0.0
2019-04-17,1000,0.0092
2019-04-18,1000,0.012
2019-04-19,1000,0.0191
2019-04-22,3000,0.0554
2019-04-23,3000,0.116
2019-04-24,4000,0.0571
2019-04-25,0,0.0
2019-04-26,0,0.0
2019-04-29,3000,0.101
2019-04-30,17000,0.094
2019-05-02,5000,0.1428
2019-05-03,10000,0.1406
2019-05-06,4000,0.1111
2019-05-07,8000,0.3992
2019-05-08,7000,0.1996
2019-05-09,4000,0.0488
2019-05-10,10000,0.111
2019-05-13,0,0.0
2019-05-14,0,0.0
2019-05-15,1000,0.02
2019-05-16,0,0.0
2019-05-17,6000,0.109
2019-05-20,1000,0.0344
2019-05-21,7000,0.0368
2019-05-22,0,0.0
2021-04-12,576000,0.1935
2021-04-13,2317000,0.4413
2021-04-14,332000,0.2807
2021-04-15,161000,0.2165
2021-04-16,98000,0.1723
2021-04-19,234000,0.2153
2021-04-20,113000,0.1629
2021-04-21,372000,0.2584
2021-04-22,1115000,0.4027
2021-04-23,129000,0.1891
2021-04-26,156000,0.2162
2021-04-27,241000,0.2957
2021-04-28,95000,0.1411
2021-04-29,149000,0.1931
2021-05-03,162000,0.2043
2021-05-04,224000,0.2405
2021-05-05,113000,0.1877
2021-05-06,119000,0.2951
2021-05-07,64000,0.2094
2021-05-10,287000,0.364
2021-05-11,554000,0.4445
2021-05-12,466000,0.3179
2021-05-13,174000,0.2717
2021-05-14,82000,0.1837
2021-05-17,179000,0.2328
2021-05-18,141000,0.3477
2021-05-19,68000,0.2507
2021-05-20,80000,0.2736
2021-05-21,25000,0.1993
2021-05-24,42000,0.1934
2021-05-25,31000,0.1227
2021-05-26,55000,0.1518
2021-05-27,77000,0.2115
2021-05-28,99000,0.2613
2021-05-31,67000,0.1761
2021-06-01,37000,0.1812
2021-06-02,135000,0.2838
2021-06-03,678000,0.3799
2021-06-04,318000,0.3326
2021-06-07,1077000,0.5446
2021-06-08,367000,0.4572
2021-06-09,43000,0.1117
2021-06-10,43000,0.2631
2021-06-11,423000,0.5931
2021-06-15,41000,0.1778
2021-06-16,123000,0.1922
2021-06-17,158000,0.3285
2021-06-18,146000,0.1932
2021-06-21,874000,0.2199
2021-06-22,6000,0.0028
2021-06-23,7536000,0.4088
2021-06-24,5174000,0.55
2021-06-25,2155000,0.3855
2021-06-28,2925000,0.4447
2021-06-29,1526000,0.3109
2021-06-30,1373000,0.4186
2021-07-01,2069000,0.5056
2021-07-02,770000,0.4043
2021-07-05,229000,0.2074
2021-07-06,639000,0.4188
2021-07-07,1349000,0.5807
2021-07-08,206000,0.25
2021-07-09,399000,0.3931
2021-07-12,450000,0.3279
2021-07-13,370000,0.2266
2021-07-14,311000,0.3725
2021-07-15,160000,0.2558
2021-07-16,111000,0.2804
2021-07-19,123000,0.2487
2021-07-20,84000,0.1191
2021-07-21,196000,0.2561
2021-07-22,75000,0.2032
2021-07-23,167000,0.2943
2021-07-26,64000,0.1733
2021-07-27,88000,0.2344
2021-07-28,93000,0.2553
2021-07-29,115000,0.2248
2021-07-30,64000,0.236
2021-08-02,53000,0.1636
2021-08-03,40000,0.1916
2021-08-04,2000,0.0289
2021-08-05,40000,0.1882
2021-08-06,54000,0.1751
2021-08-09,104000,0.3229
2021-08-10,28000,0.1082
2021-08-11,70000,0.2019
2021-08-12,28000,0.1652
2021-08-13,72000,0.2762
2021-08-16,38000,0.2037
2021-08-17,51000,0.1773
2021-08-18,61000,0.2257
2021-08-19,88000,0.2492
2021-08-20,85000,0.2719
2021-08-23,590000,0.2272
2021-08-24,970000,0.3439
2021-08-25,348000,0.3558
2021-08-26,267000,0.3261
2021-08-27,239000,0.2826
2021-08-30,194000,0.2221
2021-08-31,179000,0.2497
2021-09-01,171000,0.1185
2021-09-02,387000,0.3329
2021-09-03,198000,0.2327
2021-09-06,163000,0.2261
2021-09-07,227000,0.2852
2021-09-08,78000,0.1917
2021-09-09,61000,0.1181
2021-09-10,172000,0.267
2021-09-13,469000,0.2187
2021-09-14,870000,0.3747
2021-09-15,292000,0.3181
2021-09-16,470000,0.2443
2021-09-17,196000,0.0348
2021-09-22,164000,0.2343
2021-09-23,54000,0.1799
2021-09-24,681000,0.533
2021-09-27,1791000,0.4655
2021-09-28,752000,0.3839
2021-09-29,347000,0.3048
2021-09-30,384000,0.3791
2021-10-01,1294000,0.3634
2021-10-04,502000,0.2456
2021-10-05,240000,0.3191
2021-10-06,154000,0.2125
2021-10-07,105000,0.2388
2021-10-08,76000,0.1828
2021-10-12,150000,0.3293
2021-10-13,90000,0.2933
2021-10-14,67000,0.3164
2021-10-15,30000,0.1297
2021-10-18,62000,0.3151
2021-10-19,29000,0.1818
2021-10-20,23000,0.1691
2021-10-21,47000,0.2974
2021-10-22,37000,0.1264
2021-10-25,47000,0.1629
2021-10-26,45000,0.11
2021-10-27,20000,0.11
2021-10-28,24000,0.1205
2021-10-29,86000,0.2366
2021-11-01,103000,0.2286
2021-11-02,34000,0.1282
2021-11-03,137000,0.1825
2021-11-04,68000,0.1687
2021-11-05,52000,0.2284
2021-11-08,20000,0.0854
2021-11-09,89000,0.2625
2021-11-10,20000,0.1025
2021-11-11,310000,0.1921
2021-11-12,406000,0.2617
2021-11-15,494000,0.3647
2021-11-16,177000,0.3857
2021-11-17,117000,0.2897
2021-11-18,84000,0.1953
2021-11-19,42000,0.1586
2021-11-22,51000,0.2526
2021-11-23,57000,0.16
2021-11-24,39000,0.1647
2021-11-25,85000,0.2319
2021-11-26,71000,0.2001
2021-11-29,92000,0.1927
2021-11-30,782000,0.3312
2021-12-01,205000,0.1341
2021-12-02,101000,0.1838
2021-12-03,106000,0.1586
2021-12-06,31000,0.1637
2021-12-07,34000,0.1591
2021-12-08,30000,0.0946
2021-12-09,18000,0.1069
2021-12-10,26000,0.0895
2021-12-13,59000,0.4296
2021-12-14,343000,0.4176
2021-12-15,14000,0.0826
2021-12-16,6000,0.0416
2021-12-17,167000,0.1818
2021-12-20,51000,0.176
2021-12-21,20000,0.1741
2021-12-22,27000,0.2183
2021-12-23,80000,0.5077
2021-12-24,46000,0.1528
2021-12-27,71000,0.2495
2021-12-28,8000,0.0594
2021-12-29,19000,0.1305
2021-12-30,17000,0.0878
2022-01-03,14000,0.0702
2022-01-04,21000,0.1513
2022-01-05,8000,0.1059
2022-01-06,5000,0.0336
2022-01-07,85000,0.3848
2022-01-10,1000,0.0079
2022-01-11,9000,0.0711
2022-01-12,11000,0.1452
2022-01-13,12000,0.1041
2022-01-14,36000,0.365
2022-01-17,25000,0.2809
2022-01-18,15000,0.2226
2022-01-19,6000,0.0777
2022-01-20,24000,0.2883
2022-01-21,18000,0.1461
2022-01-24,80000,0.4485
2022-01-25,44000,0.294
2022-01-26,9000,0.0635
2022-02-07,39000,0.2957
2022-02-08,17000,0.1301
2022-02-09,16000,0.0879
2022-02-10,18000,0.28
2022-02-11,43000,0.2939
2022-02-14,8000,0.0896
2022-02-15,28000,0.2928
2022-02-16,30000,0.267
2022-02-17,15000,0.1658
2022-02-18,31000,0.2563
2022-02-21,5000,0.1098
2022-02-22,13000,0.1273
2022-02-23,2000,0.0317
2022-02-24,40000,0.2114
2022-02-25,20000,0.116
2022-03-01,38000,0.2286
2022-03-02,12000,0.1552
2022-03-03,40000,0.4164
2022-03-04,39000,0.2836
2022-03-07,48000,0.1651
2022-03-08,25000,0.1136
2022-03-09,44000,0.2949
2022-03-10,4000,0.0425
2022-03-11,59000,0.4299
2022-03-14,11000,0.1613
2022-03-15,4000,0.0373
2022-03-16,37000,0.1898
2022-03-17,64000,0.2946
2022-03-18,9000,0.0569
2022-03-21,4000,0.056
2022-03-22,5000,0.1013
2022-03-23,37000,0.2925
2022-03-24,5000,0.0922
2022-03-25,39000,0.3115
2022-03-28,23000,0.2277
2022-03-29,4000,0.0623
2022-03-30,6000,0.082
2022-03-31,10000,0.1833
2022-04-01,4000,0.0668
2022-04-06,8000,0.1056
2022-04-07,5000,0.0467
2022-04-08,3000,0.0524
2022-04-11,3000,0.0122
2022-04-12,32000,0.3294
2022-04-13,7000,0.0705
2022-04-14,6000,0.0593
2022-04-15,12000,0.0967
2022-04-18,1000,0.0127
2022-04-19,0,0.0
2022-04-20,0,0.0
2022-04-21,1000,0.0178
2022-04-22,65000,0.2508
2022-04-25,8000,0.0864
2022-04-26,10000,0.1313
2022-04-27,5000,0.0409
2022-04-28,8000,0.129
2022-04-29,9000,0.0674
2022-05-03,595000,0.722
2022-05-04,15000,0.233
2022-05-05,3000,0.0348
2022-05-06,8000,0.0968
2022-05-09,3000,0.0272
2022-05-10,7000,0.0752
2022-05-11,10000,0.149
2022-05-12,8000,0.0618
2022-05-13,3000,0.0288
2022-05-16,33000,0.1539
2022-05-17,23000,0.1418
2022-05-18,19000,0.1581
2022-05-19,6000,0.0644
2022-05-20,12000,0.24
2022-05-23,9000,0.1634
2022-05-24,13000,0.1527
2022-05-25,5000,0.1104
2022-05-26,28000,0.2943
2022-05-27,8000,0.1262
2022-05-30,13000,0.1128
2022-05-31,12000,0.1115
2022-06-01,3000,0.0825
2022-06-02,6000,0.1386
2022-06-06,11000,0.2498
2022-06-07,10000,0.2263
2022-06-08,1000,0.0227
2022-06-09,3000,0.0565
2022-06-10,28000,0.2592
2022-06-13,6000,0.0324
2022-06-14,9000,0.1357
2022-06-15,15000,0.1068
2022-06-16,71000,0.4077
2022-06-17,8000,0.1022
2022-06-20,21000,0.1056
2022-06-21,10000,0.0688
2022-06-22,46000,0.2874
2022-06-23,3000,0.052
2022-06-24,23000,0.1756
2022-06-27,15000,0.1425
2022-06-28,1000,0.0479
2022-06-29,7000,0.1748
2022-06-30,49000,0.2863
2022-07-01,1000,0.0087
2022-07-04,5000,0.1
2022-07-05,37000,0.3537
2022-07-06,15000,0.1876
2022-07-07,4000,0.0965
2022-07-08,0,0.0
2022-07-11,2000,0.0682
2022-07-12,200000,0.5103
2022-07-13,3000,0.0399
2022-07-14,48000,0.38
2022-07-15,17000,0.2122
2022-07-18,46000,0.2334
2022-07-19,6000,0.0652
2022-07-20,27000,0.2108
2022-07-21,4000,0.1324
2022-07-22,28000,0.2409
2022-07-25,2000,0.0355
2022-07-26,23000,0.2277
2022-07-27,4000,0.0769
2022-07-28,26000,0.1623
2022-07-29,31000,0.2869
2022-08-01,46000,0.3955
2022-08-02,61000,0.5166
2022-08-03,4000,0.0832
2022-08-04,33000,0.2241
2022-08-05,44000,0.184
2022-08-08,23000,0.2734
2022-08-09,33000,0.2497
2022-08-10,39000,0.291
2022-08-11,2000,0.0908
2022-08-12,2000,0.041
2022-08-15,37000,0.1697
2022-08-16,31000,0.4801
2022-08-17,30000,0.105
2022-08-18,25000,0.384
2022-08-19,6000,0.0819
2022-08-22,12000,0.2444
2022-08-23,48000,0.4237
2022-08-24,10000,0.0689
2022-08-25,4000,0.1653
2022-08-26,1000,0.0214
2022-08-29,6000,0.0674
2022-08-30,8000,0.2349
2022-08-31,7000,0.1023
2022-09-01,10000,0.1188
2022-09-02,7000,0.1207
2022-09-05,4000,0.1091
2022-09-06,4000,0.1241
2022-09-07,6000,0.1194
2022-09-08,3000,0.1031
2022-09-12,7000,0.1825
2022-09-13,0,0.0
2022-09-14,5000,0.0751
2022-09-15,2000,0.1111
2022-09-16,12000,0.208
2022-09-19,0,0.0
2022-09-20,0,0.0
2022-09-21,0,0.0
2022-09-22,5000,0.1177
2022-09-23,1000,0.0104
2022-09-26,1000,0.0216
2022-09-27,0,0.0
2022-09-28,2000,0.02
2022-09-29,17000,0.1701
2022-09-30,9000,0.0996
2022-10-03,5000,0.1083
2022-10-04,3000,0.0491
2022-10-05,7000,0.1164
2022-10-06,2000,0.0565
2022-10-07,4000,0.0906
2022-10-11,3000,0.0452
2022-10-12,20000,0.2898
2022-10-13,42000,0.1894
2022-10-14,6000,0.0999
2022-10-17,4000,0.1134
2022-10-18,15000,0.2077
2022-10-19,5000,0.0893
2022-10-20,9000,0.1657
2022-10-21,2000,0.0314
2022-10-24,3000,0.0731
2022-10-25,19000,0.1444
2022-10-26,3000,0.0833
2022-10-27,0,0.0
2022-10-28,5000,0.0764
2022-10-31,2000,0.0266
2022-11-01,3000,0.0759
2022-11-02,2000,0.0316
2022-11-03,2000,0.0373
2022-11-04,4000,0.0478
2022-11-07,0,0.0
2022-11-08,0,0.0
2022-11-09,1000,0.019
2022-11-10,2000,0.0326
2022-11-11,5000,0.0414
2022-11-14,137000,0.6103
2022-11-15,89000,0.5798
2022-11-16,1000,0.0117
2022-11-17,45000,0.4282
2022-11-18,7000,0.1107
2022-11-21,4000,0.0667
2022-11-22,9000,0.1385
2022-11-23,7000,0.0578
2022-11-24,23000,0.1755
2022-11-25,56000,0.4745
2022-11-28,18000,0.1414
2022-11-29,1000,0.024
2022-11-30,3000,0.0395
2022-12-01,5000,0.0587
2022-12-02,4000,0.084
2022-12-05,9000,0.1041
2022-12-06,23000,0.1752
2022-12-07,93000,0.6067
2022-12-08,2000,0.0569
2022-12-09,4000,0.0865
2022-12-12,3000,0.1577
2022-12-13,3000,0.1105
2022-12-14,5000,0.0902
2022-12-15,2000,0.0506
2022-12-16,8000,0.0963
2022-12-19,9000,0.1763
2022-12-20,18000,0.2165
2022-12-21,11000,0.2149
2022-12-22,5000,0.1606
2022-12-23,3000,0.1088
2022-12-26,3000,0.0588
2022-12-27,6000,0.1012
2022-12-28,10000,0.1087
2022-12-29,4000,0.0667
2022-12-30,2000,0.0474
2023-01-03,0,0.0
2023-01-04,1000,0.0231
2023-01-05,13000,0.1774
2023-01-06,3000,0.0806
2023-01-09,7000,0.0996
2023-01-10,4000,0.0996
2023-01-11,6000,0.1276
2023-01-12,16000,0.1771
2023-01-13,47000,0.1814
2023-01-16,29000,0.1958
2023-01-17,11000,0.1615
2023-01-30,15000,0.1026
2023-01-31,28000,0.1279
2023-02-01,5000,0.05
2023-02-02,23000,0.1733
2023-02-03,11000,0.0572
2023-02-06,20000,0.1563
2023-02-07,3000,0.0366
2023-02-08,3000,0.0282
2023-02-09,10000,0.1655
2023-02-10,14000,0.1837
2023-02-13,7000,0.1226
2023-02-14,17000,0.0446
2023-02-15,76000,0.2053
2023-02-16,10000,0.1751
2023-02-17,15000,0.0838
2023-02-20,14000,0.1189
2023-02-21,8000,0.0596
2023-02-22,20000,0.186
2023-02-23,4000,0.0216
2023-02-24,21000,0.1126
2023-03-01,10000,0.1136
2023-03-02,13000,0.1212
2023-03-03,15000,0.2067
2023-03-06,10000,0.0772
2023-03-07,9000,0.0469
2023-03-08,25000,0.223
2023-03-09,7000,0.0505
2023-03-10,16000,0.0972
2023-03-13,14000,0.1134
2023-03-14,7000,0.0334
2023-03-15,11000,0.0499
2023-03-16,20000,0.1364
2023-03-17,249000,0.0241
2023-03-20,403000,0.1881
2023-03-21,36000,0.0683
2023-03-22,175000,0.126
2023-03-23,359000,0.1601
2023-03-24,114000,0.2137
2023-03-27,47000,0.0972
2023-03-28,14000,0.0411
2023-03-29,8000,0.0351
2023-03-30,32000,0.0502
2023-03-31,64000,0.1507
2023-04-06,14000,0.0637
2023-04-07,8000,0.0305
2023-04-10,12000,0.0446
2023-04-11,152000,0.2614
2023-04-12,52000,0.1522
2023-04-13,34000,0.1414
2023-04-14,81000,0.1778
2023-04-17,26000,0.1019
2023-04-18,18000,0.1604
2023-04-19,108000,0.2639
2023-04-20,1203000,0.4609
2023-04-21,2925000,0.6285
2023-04-24,576000,0.5322
2023-04-25,255000,0.3483
2023-04-26,93000,0.2934
2023-04-27,42000,0.1629
2023-04-28,23000,0.1428
2023-05-02,142000,0.2667
2023-05-03,19000,0.1365
2023-05-04,30000,0.1757
2023-05-05,33000,0.2448
2023-05-08,7000,0.0693
2023-05-09,48000,0.105
2023-05-10,13000,0.0385
2023-05-11,28000,0.0818
2023-05-12,11000,0.0649
2023-05-15,5000,0.0417
2023-05-16,4000,0.0422
2023-05-17,37000,0.1298
2023-05-18,38000,0.1695
2023-05-19,16000,0.0857
2023-05-22,16000,0.0956
2023-05-23,26000,0.109
2023-05-24,10000,0.103
2023-05-25,18000,0.1939
2023-05-26,6000,0.0404
2023-05-29,23000,0.1337
2023-05-30,2000,0.0211
2023-05-31,14000,0.0629
2023-06-01,48000,0.1768
2023-06-02,48000,0.1348
2023-06-05,15000,0.0832
2023-06-06,699000,0.2963
2023-06-07,6832000,0.6271
2023-06-08,5186000,0.5922
2023-06-09,2785000,0.5178
2023-06-12,1095000,0.3829
2023-06-13,794000,0.3877
2023-06-14,219000,0.2165
2023-06-15,271000,0.2621
2023-06-16,150000,0.2482
2023-06-19,100000,0.2142
2023-06-20,133000,0.2808
2023-06-21,199000,0.3123
2023-06-26,175000,0.265
2023-06-27,142000,0.1852
2023-06-28,140000,0.2418
2023-06-29,64000,0.2379
2023-06-30,13000,0.0735
2023-07-03,199000,0.3864
2023-07-04,129000,0.2129
2023-07-05,1369000,0.4599
2023-07-06,116000,0.1154
2023-07-07,123000,0.2774
2023-07-10,105000,0.2683
2023-07-11,40000,0.157
2023-07-12,26000,0.1058
2023-07-13,52000,0.1577
2023-07-14,55000,0.2196
2023-07-17,37000,0.2071
2023-07-18,25000,0.0773
2023-07-19,26000,0.1382
2023-07-20,55000,0.2297
2023-07-21,1675000,0.3247
2023-07-24,1986000,0.3269
2023-07-25,1323000,0.3143
2023-07-26,5652000,0.5099
2023-07-27,7937000,0.621
2023-07-28,4843000,0.5011
2023-07-31,3177000,0.5501
2023-08-01,1496000,0.439
2023-08-02,2536000,0.5529
2023-08-04,591000,0.4241
2023-08-07,661000,0.3979
2023-08-08,281000,0.3196
2023-08-09,141000,0.2415
2023-08-10,377000,0.2051
2023-08-11,230000,0.3212
2023-08-14,264000,0.3231
2023-08-15,51000,0.1525
2023-08-16,206000,0.3698
2023-08-17,202000,0.335
2023-08-18,110000,0.1253
2023-08-21,149000,0.3325
2023-08-22,126000,0.2284
2023-08-23,157000,0.2546
2023-08-24,131000,0.244
2023-08-25,70000,0.1901
2023-08-28,88000,0.1779
2023-08-29,1103000,0.397
2023-08-30,1883000,0.5119
2023-08-31,852000,0.4687
2023-09-01,161000,0.2953
2023-09-04,221000,0.2902
2023-09-05,68000,0.1235
2023-09-06,72000,0.1835
2023-09-07,92000,0.2372
2023-09-08,80000,0.2181
2023-09-11,126000,0.2673
2023-09-12,102000,0.3763
2023-09-13,554000,0.4287
2023-09-14,1757000,0.4725
2023-09-15,252000,0.2195
2023-09-18,52000,0.1748
2023-09-19,147000,0.2673
2023-09-20,83000,0.2348
2023-09-21,104000,0.1884
2023-09-22,61000,0.2599
2023-09-25,67000,0.1862
2023-09-26,106000,0.3163
2023-09-27,44000,0.1788
2023-09-28,148000,0.3419
2023-10-02,47000,0.202
2023-10-03,192000,0.3292
2023-10-04,72000,0.2014
2023-10-05,22000,0.1505
2023-10-06,29000,0.1517
2023-10-11,67000,0.2441
2023-10-12,27000,0.1768
2023-10-13,112000,0.2925
2023-10-16,248000,0.4298
2023-10-17,80000,0.2391
2023-10-18,50000,0.1358
2023-10-19,34000,0.1766
2023-10-20,157000,0.2622
2023-10-23,18000,0.1015
2023-10-24,24000,0.1506
2023-10-25,38000,0.1942
2023-10-26,21000,0.0999
2023-10-27,30000,0.1549
2023-10-30,13000,0.1313
2023-10-31,27000,0.0564
2023-11-01,34000,0.1711
2023-11-02,47000,0.1861
2023-11-03,76000,0.2179
2023-11-06,34000,0.1367
2023-11-07,12000,0.1246
2023-11-08,13000,0.1337
2023-11-09,26000,0.1467
2023-11-10,9000,0.0865
2023-11-13,33000,0.1409
2023-11-14,31000,0.1401
2023-11-15,92000,0.1661
2023-11-16,80000,0.2986
2023-11-17,22000,0.1593
2023-11-20,20000,0.1428
2023-11-21,27000,0.1524
2023-11-22,19000,0.1051
2023-11-23,43000,0.1824
2023-11-24,18000,0.0885
2023-11-27,26000,0.1581
2023-11-28,73000,0.2248
2023-11-29,52000,0.2067
2023-11-30,23000,0.119
2023-12-01,41000,0.2819
2023-12-04,61000,0.1812
2023-12-05,25000,0.1565
2023-12-06,52000,0.1934
2023-12-07,63000,0.2976
2023-12-08,38000,0.1077
2023-12-11,49000,0.2578
2023-12-12,15000,0.1249
2023-12-13,40000,0.261
2023-12-14,24000,0.0761
2023-12-15,80000,0.1468
2023-12-18,558000,0.3324
2023-12-19,111000,0.1708
2023-12-20,48000,0.1562
2023-12-21,42000,0.1485
2023-12-22,48000,0.2033
2023-12-25,8000,0.056
2023-12-26,8000,0.0798
2023-12-27,22000,0.1265
2023-12-28,149000,0.1778
2023-12-29,60000,0.0993
2024-01-02,51000,0.0824
2024-01-03,47000,0.1587
2024-01-04,37000,0.1452
2024-01-05,13000,0.0721
2024-01-08,29000,0.2466
2024-01-09,22000,0.0619
2024-01-10,30000,0.0953
2024-01-11,36000,0.2026
2024-01-12,9000,0.0766
2024-01-15,14000,0.0949
2024-01-16,17000,0.0602
2024-01-17,29000,0.0811
2024-01-18,27000,0.141
2024-01-19,8000,0.104
2024-01-22,9000,0.0634
2024-01-23,14000,0.114
2024-01-24,17000,0.1105
2024-01-25,28000,0.1729
2024-01-26,17000,0.1538
2024-01-29,15000,0.1343
2024-01-30,15000,0.0771
2024-01-31,34000,0.2354
2024-02-01,12000,0.09
2024-02-02,30000,0.1304
2024-02-05,10000,0.0649
2024-02-15,32000,0.1226
2024-02-16,38000,0.1179
2024-02-19,56000,0.2015
2024-02-20,26000,0.2065
2024-02-21,34000,0.2313
2024-02-22,31000,0.1314
2024-02-23,13000,0.0878
2024-02-26,16000,0.1143
2024-02-27,34000,0.1977
2024-02-29,12000,0.1007
2024-03-01,19000,0.1098
2024-03-04,187000,0.3996
2024-03-05,21000,0.0846
2024-03-06,13000,0.1162
2024-03-07,27000,0.144
2024-03-08,33000,0.1644
2024-03-11,12000,0.1141
2024-03-12,18000,0.0722
2024-03-13,15000,0.0986
2024-03-14,10000,0.1137
2024-03-15,5000,0.0462
2024-03-18,6000,0.0595
2024-03-19,11000,0.068
2024-03-20,35000,0.1454
2024-03-21,12000,0.0621
2024-03-22,14000,0.1151
2024-03-25,18000,0.0805
2024-03-26,24000,0.129
2024-03-27,231000,0.2834
2024-03-28,46000,0.1299
2024-03-29,21000,0.0858
2024-04-01,214000,0.2524
2024-04-02,271000,0.3153
2024-04-03,28000,0.1014
2024-04-08,164000,0.1519
2024-04-09,142000,0.2411
2024-04-10,84000,0.1779
2024-04-11,58000,0.1327
2024-04-12,59000,0.2243
2024-04-15,13000,0.0411
2024-04-16,61000,0.1239
2024-04-17,21000,0.0857
2024-04-18,175000,0.207
2024-04-19,768000,0.3087
2024-04-22,2666000,0.5562
2024-04-23,1897000,0.5807
2024-04-24,360000,0.3049
2024-04-25,283000,0.3572
2024-04-26,314000,0.2856
2024-04-29,3535000,0.4474
2024-04-30,1305000,0.4089
2024-05-02,1636000,0.4132
2024-05-03,1583000,0.4603
2024-05-06,426000,0.244
2024-05-07,394000,0.2115
2024-05-08,229000,0.2338
2024-05-09,218000,0.2082
2024-05-10,460000,0.3024
2024-05-13,184000,0.2814
2024-05-14,130000,0.2397
2024-05-15,153000,0.3015
2024-05-16,329000,0.2086
2024-05-17,755000,0.2937
2024-05-20,345000,0.3187
2024-05-21,194000,0.3459
2024-05-22,92000,0.2252
2024-05-23,188000,0.149
2024-05-24,258000,0.3309
2024-05-27,221000,0.3112
2024-05-28,133000,0.253
2024-05-29,64000,0.2538
2024-05-30,101000,0.1963
2024-05-31,198000,0.2804
2024-06-03,69000,0.1899
2024-06-04,139000,0.3613
2024-06-05,93000,0.2665
2024-06-06,182000,0.2904
2024-06-07,187000,0.2377
2024-06-11,93000,0.2048
2024-06-12,95000,0.1702
2024-06-13,77000,0.2608
2024-06-14,155000,0.3178
2024-06-17,26000,0.0469
2024-06-18,39000,0.1099
2024-06-19,82000,0.1316
2024-06-20,80000,0.201
2024-06-21,62000,0.29
2024-06-24,29000,0.1104
2024-06-25,95000,0.3569
2024-06-26,32000,0.1718
2024-06-27,84000,0.1499
2024-06-28,26000,0.18
2024-07-01,15000,0.1161
2024-07-02,67000,0.226
2024-07-03,23000,0.1177
2024-07-04,179000,0.2841
2024-07-05,10000,0.0547
2024-07-08,54000,0.1319
2024-07-09,70000,0.1852
2024-07-10,17000,0.1098
2024-07-11,62000,0.3267
2024-07-12,80000,0.3027
2024-07-15,41000,0.2254
2024-07-16,83000,0.3349
2024-07-17,97000,0.2791
2024-07-18,191000,0.4483
2024-07-19,99000,0.1859
2024-07-22,63000,0.2514
2024-07-23,65000,0.1735
2024-07-26,75000,0.2742
2024-07-29,185000,0.4089
2024-07-30,92000,0.4008
2024-07-31,72000,0.4089
2024-08-01,62000,0.2845
2024-08-02,33000,0.1998
2024-08-05,169000,0.2772
2024-08-06,107000,0.3056
2024-08-07,38000,0.1759
2024-08-08,71000,0.3477
2024-08-09,54000,0.2499
2024-08-12,40000,0.3393
2024-08-13,14000,0.1944
2024-08-14,25000,0.2365
2024-08-15,32000,0.2143
2024-08-16,20000,0.1834
2024-08-19,8000,0.1089
2024-08-20,17000,0.1742
2024-08-21,16000,0.1963
2024-08-22,15000,0.1835
2024-08-23,30000,0.2628
2024-08-26,32000,0.255
2024-08-27,37000,0.2211
2024-08-28,38000,0.3433
2024-08-29,36000,0.2508
2024-08-30,41000,0.1842
2024-09-02,25000,0.1847
2024-09-03,159000,0.4435
2024-09-04,162000,0.2634
2024-09-05,31000,0.1858
2024-09-06,18000,0.1095
2024-09-09,63000,0.2953
2024-09-10,18000,0.1476
2024-09-11,8000,0.1772
2024-09-12,23000,0.1905
2024-09-13,10000,0.1955
2024-09-16,60000,0.1744
2024-09-18,48000,0.2783
2024-09-19,85000,0.3397
2024-09-20,333000,0.3778
2024-09-23,76000,0.477
2024-09-24,60000,0.2488
2024-09-25,164000,0.452
2024-09-26,113000,0.3681
2024-09-27,137000,0.3127
2024-09-30,57000,0.4829
2024-10-01,39000,0.2355
2024-10-04,34000,0.2818
2024-10-07,77000,0.2403
2024-10-08,85000,0.4501
2024-10-09,121000,0.4442
2024-10-11,82000,0.3838
2024-10-14,125000,0.6236
2024-10-15,151000,0.7169
2024-10-16,189000,0.5618
2024-10-17,24000,0.2075
2024-10-18,20000,0.2339
2024-10-21,16000,0.1436
2024-10-22,8000,0.0932
2024-10-23,22000,0.2124
2024-10-24,30000,0.238
2024-10-25,4000,0.0558
2024-10-28,6000,0.1527
2024-10-29,8000,0.0759
2024-10-30,6000,0.1169
2024-11-01,24000,0.164
2024-11-04,2000,0.0905
2024-11-05,3000,0.0648
2024-11-06,3000,0.0728
2024-11-07,15000,0.1937
2024-11-08,14000,0.1001
2024-11-11,0,0.0
2024-11-12,17000,0.0666
2024-11-13,28000,0.2851
2024-11-14,24000,0.1235
2024-11-15,14000,0.1207
2024-11-18,4000,0.1127
2024-11-19,4000,0.0798
2024-11-20,6000,0.3313
2024-11-21,0,0.0
2024-11-22,12000,0.1261
2024-11-25,11000,0.0926
2024-11-26,4000,0.1399
2024-11-27,9000,0.1429
2024-11-28,4000,0.1223
2024-11-29,11000,0.1564
2024-12-02,1000,0.0198
2024-12-03,29000,0.1352
2024-12-04,15000,0.1408
2024-12-05,10000,0.1846
2024-12-06,27000,0.3212
2024-12-09,14000,0.2271
2024-12-10,6000,0.1154
2024-12-11,4000,0.0748
2024-12-12,4000,0.0432
2024-12-13,13000,0.1291
2024-12-16,11000,0.0743
2024-12-17,0,0.0
2024-12-18,11000,0.1413
2024-12-19,7000,0.0489
2024-12-20,5000,0.0342
2024-12-23,19000,0.2205
2024-12-24,2000,0.0464
2024-12-25,1000,0.032
2024-12-26,4000,0.1476
2024-12-27,4000,0.0929
2024-12-30,12000,0.1204
2024-12-31,13000,0.112
2025-01-02,14000,0.0829
2025-01-03,9000,0.0774
2025-01-06,14000,0.2611
2025-01-07,4000,0.0701
2025-01-08,50000,0.116
2025-01-09,43000,0.2682
2025-01-10,63000,0.4283
2025-01-13,164000,0.3782
2025-01-14,38000,0.2373
2025-01-15,31000,0.2204
2025-01-16,25000,0.1724
2025-01-17,11000,0.0764
2025-01-20,18000,0.1618
2025-01-21,18000,0.1576
2025-01-22,8000,0.1124
2025-02-03,35000,0.1608
2025-02-04,16000,0.2159
2025-02-05,14000,0.1095
2025-02-06,3000,0.0523
2025-02-07,19000,0.1648
2025-02-10,5000,0.0542
2025-02-11,25000,0.178
2025-02-12,32000,0.1458
2025-02-13,34000,0.1706
2025-02-14,7000,0.0939
2025-02-17,18000,0.1255
2025-02-18,38000,0.1107
2025-02-19,14000,0.0478
2025-02-20,23000,0.1032
2025-02-21,67000,0.1687
2025-02-24,10000,0.0516
2025-02-25,89000,0.153
2025-02-26,26000,0.2289
2025-02-27,46000,0.0194
2025-03-03,54000,0.1323
2025-03-04,10000,0.0848
2025-03-05,34000,0.1649
2025-03-06,21000,0.1129
2025-03-07,47000,0.1233
2025-03-10,15000,0.0296
2025-03-11,123000,0.2864
2025-03-12,10000,0.1288
2025-03-13,14000,0.0992
2025-03-14,29000,0.1683
2025-03-17,58000,0.2224
2025-03-18,12000,0.1048
2025-03-19,18000,0.1712
2025-03-20,35000,0.2823
2025-03-21,18000,0.1677
2025-03-24,9000,0.1145
2025-03-25,28000,0.2502
2025-03-26,11000,0.1259
2025-03-27,25000,0.1721
2025-03-28,32000,0.137
2025-03-31,65000,0.192
2025-04-01,34000,0.1864
2025-04-02,121000,0.2
2025-04-07,129000,0.1359
2025-04-08,109000,0.2509
2025-04-09,153000,0.2261
2025-04-10,88000,0.2123
2025-04-11,54000,0.2991
2025-04-14,39000,0.119
2025-04-15,8000,0.0573
2025-04-16,17000,0.0736
2025-04-17,3000,0.1037
2025-04-18,31000,0.1243
2025-04-21,12000,0.0335
2025-04-22,33000,0.1805
2025-04-23,20000,0.1013
2025-04-24,16000,0.092
2025-04-25,23000,0.1212
2025-04-28,9000,0.0682
2025-04-29,7000,0.0322
2025-04-30,26000,0.0873
2025-05-02,169000,0.2651
2025-05-05,2548000,0.5201
2025-05-06,269000,0.2686
2025-05-07,219000,0.3025
2025-05-08,66000,0.1528
2025-05-09,96000,0.2802
2025-05-12,258000,0.213
2025-05-13,143000,0.2138
2025-05-14,116000,0.3139
2025-05-15,33000,0.1325
2025-05-16,1189000,0.3491
2025-05-19,10628000,0.6624
2025-05-20,9845000,0.714
2025-05-21,1724000,0.5043
2025-05-22,10634000,0.7454
2025-05-23,10083000,0.6819
2025-05-26,21156000,0.7905
2025-05-27,6725000,0.5813
2025-05-28,4331000,0.6879
2025-05-29,3449000,0.6446
2025-06-02,865000,0.4241
2025-06-03,753000,0.4623
2025-06-04,576000,0.4953
2025-06-05,1063000,0.4993
2025-06-06,1199000,0.6037
2025-06-09,408000,0.3168
2025-06-10,464000,0.3227
2025-06-11,319000,0.2963
2025-06-12,390000,0.4213
2025-06-13,5087000,0.6704
2025-06-16,881000,0.4841
2025-06-17,293000,0.3848
2025-06-18,153000,0.3287
2025-06-19,201000,0.3156
2025-06-20,170000,0.2459
2025-06-23,179000,0.322
2025-06-24,149000,0.3368
2025-06-25,137000,0.3533
2025-06-26,390000,0.3904
2025-06-27,2801000,0.6528
2025-06-30,238000,0.2337
2025-07-01,155000,0.2394
2025-07-02,68000,0.2266
2025-07-03,46000,0.1908
2025-07-04,88000,0.171
2025-07-07,72000,0.269
2025-07-08,149000,0.3797
2025-07-09,33000,0.2313
2025-07-10,47000,0.2053
2025-07-11,67000,0.1383
2025-07-14,107000,0.2487
2025-07-15,94000,0.3119
2025-07-16,331000,0.4366
2025-07-17,53000,0.3141
2025-07-18,57000,0.2307
2025-07-21,38000,0.2111
2025-07-22,63000,0.1421
2025-07-23,31000,0.152
2025-07-24,101000,0.4128
2025-07-25,69000,0.299
2025-07-28,28000,0.2362
2025-07-29,63000,0.1343
2025-07-30,51000,0.1944
2025-07-31,42000,0.0982
2025-08-01,17000,0.0772
2025-08-04,61000,0.2038
2025-08-05,45000,0.1841
2025-08-06,49000,0.1993
2025-08-07,9000,0.0926
2025-08-08,49000,0.2857
2025-08-11,27000,0.1442
2025-08-12,86000,0.2081
2025-08-13,31000,0.1919
2025-08-14,19000,0.1549
2025-08-15,31000,0.208
2025-08-18,40000,0.2702
2025-08-19,15000,0.1473
2025-08-20,32000,0.1552
2025-08-21,30000,0.1453
2025-08-22,271000,0.3827
2025-08-25,27000,0.1555
2025-08-26,13000,0.1012
2025-08-27,22000,0.16
2025-08-28,25000,0.1457
2025-08-29,22000,0.2534
2025-09-01,68000,0.3645
2025-09-02,8000,0.0763
2025-09-03,22000,0.132
2025-09-04,64000,0.1653
2025-09-05,40000,0.2088
2025-09-08,16000,0.0974
2025-09-09,8000,0.0468
2025-09-10,64000,0.3895
2025-09-11,67000,0.2361
2025-09-12,16000,0.0764
2025-09-15,26000,0.1663
2025-09-16,40000,0.2926
2025-09-17,105000,0.258
2025-09-18,34000,0.1579
2025-09-19,30000,0.0925
2025-09-22,34000,0.2053
2025-09-23,49000,0.3221
2025-09-24,17000,0.1675
2025-09-25,7000,0.0737
2025-09-26,18000,0.1384
2025-09-30,6000,0.0874
2025-10-01,13000,0.109
2025-10-02,25000,0.0588
2025-10-03,71000,0.2009
2025-10-07,18000,0.0583
2025-10-08,26000,0.2543
2025-10-09,14000,0.065
2025-10-13,608000,0.3396
2025-10-14,435000,0.373
2025-10-15,24000,0.1134
2025-10-16,29000,0.1388
2025-10-17,139000,0.3375
2025-10-20,232000,0.4265
2025-10-21,32000,0.1886
2025-10-22,170000,0.2595
2025-10-23,554000,0.2461
2025-10-27,1340000,0.3795
2025-10-28,159000,0.2074
2025-10-29,196000,0.2938
2025-10-30,1657000,0.4929
2025-10-31,166000,0.25
2025-11-03,51000,0.1523
2025-11-04,32000,0.0577
2025-11-05,79000,0.252
2025-11-06,235000,0.4021
2025-11-07,351000,0.4448
2025-11-10,74000,0.2017
2025-11-11,8000,0.0436
2025-11-12,35000,0.1972
2025-11-13,67000,0.1684
2025-11-14,188000,0.2463
2025-11-17,79000,0.2413
2025-11-18,61000,0.2267
2025-11-19,23000,0.1403
2025-11-20,22000,0.1118
2025-11-21,178000,0.3133
2025-11-24,528000,0.4274
2025-11-25,450000,0.5017
2025-11-26,115000,0.2295
2025-11-27,32000,0.1878
2025-11-28,17000,0.1068
2025-12-01,24000,0.1908
2025-12-02,30000,0.1403
2025-12-03,10000,0.0821
2025-12-04,5000,0.0678
2025-12-05,44000,0.2742
2025-12-08,10000,0.1015
2025-12-09,49000,0.1779
2025-12-10,51000,0.209
2025-12-11,66000,0.3584
2025-12-12,20000,0.1404
2025-12-15,43000,0.2333
2025-12-16,34000,0.1961
2025-12-17,44000,0.2404
2025-12-18,21000,0.1719
2025-12-19,5000,0.0671
2025-12-22,32000,0.1011
2025-12-23,122000,0.3418
2025-12-24,41000,0.1036
2025-12-26,21000,0.1498
2025-12-29,42000,0.1937
2025-12-30,18000,0.1398
2025-12-31,40000,0.1481
2026-01-02,8000,0.0568
2026-01-05,25000,0.1017
2026-01-06,36000,0.1543
2026-01-07,29000,0.0622
2026-01-08,135000,0.1751
2026-01-09,38000,0.1869
2026-01-12,15000,0.1062
2026-01-13,27000,0.1856
2026-01-14,17000,0.0896
2026-01-15,20000,0.1157
2026-01-16,27000,0.1193
2026-01-19,198000,0.2544
2026-01-20,19000,0.0991
2026-01-21,74000,0.2252
2026-01-22,47000,0.1089
2026-01-23,21000,0.1275
2026-01-26,151000,0.1607
2026-01-27,189000,0.2431
2026-01-28,147000,0.2243
2026-01-29,97000,0.2791
2026-01-30,106000,0.2127
2026-02-02,92000,0.1247
2026-02-03,64000,0.2795
2026-02-04,29000,0.1924
2026-02-05,35000,0.1648
2026-02-06,74000,0.2165
2026-02-09,48000,0.2279
2026-02-10,36000,0.194
2026-02-11,69000,0.2525
2026-02-23,73000,0.1755
2026-02-24,139000,0.423
2026-02-25,32000,0.1438
2026-02-26,37000,0.1869
2026-03-02,29000,0.1906
2026-03-03,31000,0.1796
2026-03-04,143000,0.285
2026-03-05,20000,0.1896
2026-03-06,45000,0.3017
2026-03-09,84000,0.168
2026-03-10,28000,0.1924
2026-03-11,7000,0.0552
2026-03-12,19000,0.11
2026-03-13,13000,0.0678
2026-03-16,24000,0.1197
2026-03-17,13000,0.1028
2026-03-18,19000,0.2142
2026-03-19,15000,0.0867
2026-03-20,20000,0.1678
2026-03-23,82000,0.3773
2026-03-24,29000,0.2189
2026-03-25,9000,0.1438
2026-03-26,59000,0.178
2026-03-27,25000,0.1177
2026-03-30,139000,0.2273
2026-03-31,39000,0.1627
2026-04-01,35000,0.1831
2026-04-02,55000,0.0865
2026-04-07,16000,0.0984
2026-04-08,32000,0.2132
2026-04-09,27000,0.1738
2026-04-10,16000,0.2024
2026-04-13,50000,0.1275
2026-04-14,43000,0.205
2026-04-15,30000,0.1381
2026-04-16,35000,0.212
2026-04-17,30000,0.1708
2026-04-20,24000,0.1378
2026-04-21,10000,0.0613
2026-04-22,44000,0.104
2026-04-23,65000,0.1689
2026-04-24,15000,0.1423
2026-04-27,39000,0.2768
2026-04-28,28000,0.2118
2026-04-29,16000,0.0908
2026-04-30,16000,0.1068
2026-05-04,9000,0.072
2026-05-05,33000,0.1614
2026-05-06,101000,0.3292
2026-05-07,14000,0.1205
2026-05-08,29000,0.1965
2026-05-11,6000,0.0518
2026-05-12,5000,0.016
2026-05-13,13000,0.0921
2026-05-14,16000,0.05
2026-05-15,171000,0.3173
2026-05-18,23000,0.1285
2026-05-19,61000,0.2936
2026-05-20,37000,0.2165
2026-05-21,8000,0.0675
2026-05-22,22000,0.1202
2026-05-25,121000,0.1995
2026-05-26,104000,0.2358
2026-05-27,115000,0.2706
2026-05-28,62000,0.1913
2026-05-29,23000,0.1163
2026-06-01,32000,0.1408
2026-06-02,34000,0.1383
2026-06-03,44000,0.1713
2026-06-04,502000,0.4476
2026-06-05,63000,0.2068
2026-06-08,55000,0.1862
2026-06-09,69000,0.2066
2026-06-10,83000,0.3623
2026-06-11,35000,0.1118
2026-06-12,34000,0.119
2026-06-15,33000,0.2265
2026-06-16,50000,0.2568
2026-06-17,26000,0.1746
2026-06-18,22000,0.1633
2026-06-22,20000,0.0853
2026-06-23,28000,0.1481
2026-06-24,25000,0.0645
2026-06-25,18000,0.1481
2026-06-26,20000,0.0455
2026-06-29,31000,0.1126
2026-06-30,13000,0.0797
2026-07-01,41000,0.0683
2026-07-02,27000,0.1323
2026-07-03,17000,0.0562
2026-07-06,0,0.0
2026-07-07,33000,0.1829
2026-07-08,16000,0.1373
2026-07-09,20000,0.3158
2026-07-13,34000,0.2694
2026-07-14,40000,0.211
2026-07-15,27000,0.2867
2026-07-16,10000,0.1832
2026-07-17,44000,0.2937
2026-07-20,35000,0.3396
2026-07-21,16000,0.146681
2026-07-22,39000,0.267295
2026-07-23,26000,0.284352
2026-07-24,19000,0.16571
2026-07-27,12000,0.153612
2026-07-28,30000,0.277228
2026-07-29,78000,0.282064
2026-07-30,39000,0.241313
2026-07-31,213000,0.274813
2026-08-03,18000,0.092985
2026-08-04,38000,0.220359
2026-08-05,12000,0.073465
2026-08-06,22000,0.162407
2026-08-07,23000,0.253098
2026-08-10,25000,0.335233
2026-08-11,8000,0.105871
2026-08-12,14000,0.181927
2026-08-13,14000,0.189722
2026-08-14,20000,0.218852
