date,day_trade_volume,day_trade_ratio
2015-06-01,67000,0.0533
2015-06-02,168000,0.1062
2015-06-03,60000,0.0451
2015-06-04,65000,0.0666
2015-06-05,62000,0.0589
2015-06-08,182000,0.1898
2015-06-09,73000,0.0276
2015-06-10,81000,0.0792
2015-06-11,35000,0.0427
2015-06-12,18000,0.042
2015-06-15,19000,0.0488
2015-06-16,38000,0.0336
2015-06-17,21000,0.0534
2015-06-18,104000,0.0803
2015-06-22,22000,0.0325
2015-06-23,20000,0.0462
2015-06-24,9000,0.0281
2015-06-25,172000,0.0904
2015-06-26,58000,0.0984
2015-06-29,12000,0.0204
2015-06-30,39000,0.1133
2015-07-01,36000,0.0761
2015-07-02,30000,0.0904
2015-07-03,22000,0.0515
2015-07-06,40000,0.0778
2015-07-07,17000,0.0108
2015-07-08,229000,0.0886
2015-07-09,124000,0.0985
2015-07-13,156000,0.0673
2015-07-14,379000,0.0983
2015-07-15,364000,0.1136
2015-07-16,235000,0.0921
2015-07-17,126000,0.084
2015-07-20,117000,0.0735
2015-07-21,85000,0.0682
2015-07-22,45000,0.0717
2015-07-23,48000,0.0648
2015-07-24,36000,0.055
2015-07-27,51000,0.0346
2015-07-28,131000,0.1108
2015-07-29,88000,0.0835
2015-07-30,94000,0.0985
2015-07-31,27000,0.0678
2015-08-03,43000,0.0535
2015-08-04,30000,0.0235
2015-08-05,32000,0.0533
2015-08-06,53000,0.0867
2015-08-07,81000,0.1291
2015-08-10,66000,0.0854
2015-08-11,39000,0.0658
2015-08-12,18000,0.0376
2015-08-13,29000,0.0551
2015-08-14,12000,0.0448
2015-08-17,30000,0.0861
2015-08-18,83000,0.1624
2015-08-19,48000,0.1075
2015-08-20,85000,0.1582
2015-08-21,22000,0.0266
2015-08-24,162000,0.1026
2015-08-25,84000,0.1188
2015-08-26,71000,0.101
2015-08-27,71000,0.0829
2015-08-28,22000,0.0348
2015-08-31,63000,0.0987
2015-09-01,96000,0.0821
2015-09-02,77000,0.0939
2015-09-03,43000,0.0549
2015-09-04,31000,0.0485
2015-09-07,32000,0.0654
2015-09-08,149000,0.147
2015-09-09,65000,0.0839
2015-09-10,32000,0.0816
2015-09-11,281000,0.1439
2015-09-14,70000,0.0621
2015-09-15,24000,0.0448
2015-09-16,32000,0.0632
2015-09-17,55000,0.094
2015-09-18,117000,0.1067
2015-09-21,85000,0.0859
2015-09-22,32000,0.0241
2015-09-23,824000,0.1538
2015-09-24,161000,0.0936
2015-09-25,148000,0.1233
2015-09-30,44000,0.0523
2015-10-01,76000,0.0962
2015-10-02,50000,0.0738
2015-10-05,120000,0.072
2015-10-06,81000,0.0681
2015-10-07,37000,0.0539
2015-10-08,299000,0.1183
2015-10-12,46000,0.0592
2015-10-13,74000,0.0847
2015-10-14,150000,0.1021
2015-10-15,29000,0.0405
2015-10-16,28000,0.0414
2015-10-19,26000,0.0553
2015-10-20,76000,0.114
2015-10-21,430000,0.1028
2015-10-22,409000,0.1425
2015-10-23,114000,0.0925
2015-10-26,25000,0.0464
2015-10-27,492000,0.0992
2015-10-28,395000,0.1538
2015-10-29,80000,0.0635
2015-10-30,115000,0.1206
2015-11-02,39000,0.0903
2015-11-03,135000,0.1066
2015-11-04,38000,0.0558
2015-11-05,38000,0.0862
2015-11-06,17000,0.0216
2015-11-09,13000,0.0264
2015-11-10,15000,0.028
2015-11-11,14000,0.0217
2015-11-12,14000,0.0267
2015-11-13,34000,0.0608
2015-11-16,50000,0.113
2015-11-17,30000,0.0678
2015-11-18,42000,0.0935
2015-11-19,6000,0.0141
2015-11-20,56000,0.1228
2015-11-23,163000,0.0902
2015-11-24,163000,0.1468
2015-11-25,71000,0.0752
2015-11-26,38000,0.066
2015-11-27,22000,0.0607
2015-11-30,101000,0.0949
2015-12-01,117000,0.1003
2015-12-02,178000,0.094
2015-12-03,25000,0.0617
2015-12-04,91000,0.1926
2015-12-07,56000,0.0745
2015-12-08,50000,0.0846
2015-12-09,303000,0.1258
2015-12-10,84000,0.1
2015-12-11,29000,0.04
2015-12-14,26000,0.0723
2015-12-15,15000,0.0434
2015-12-16,53000,0.0826
2015-12-17,344000,0.1313
2015-12-18,156000,0.1365
2015-12-21,34000,0.0607
2015-12-22,41000,0.0791
2015-12-23,169000,0.187
2015-12-24,25000,0.049
2015-12-25,53000,0.114
2015-12-28,391000,0.1194
2015-12-29,111000,0.0904
2015-12-30,18000,0.0252
2015-12-31,20000,0.0362
2016-01-04,76000,0.0789
2016-01-05,34000,0.0735
2016-01-06,12000,0.0273
2016-01-07,25000,0.0312
2016-01-08,40000,0.0847
2016-01-11,27000,0.0921
2016-01-12,19000,0.0585
2016-01-13,38000,0.1378
2016-01-14,22000,0.0326
2016-01-15,50000,0.0962
2016-01-18,26000,0.0676
2016-01-19,41000,0.0803
2016-01-20,22000,0.046
2016-01-21,17000,0.0872
2016-01-22,8000,0.0424
2016-01-25,35000,0.0899
2016-01-26,8000,0.0498
2016-01-27,6000,0.0277
2016-01-28,3000,0.0169
2016-01-29,91000,0.1612
2016-02-01,6000,0.0228
2016-02-02,1000,0.007
2016-02-03,1000,0.0033
2016-02-15,6000,0.0355
2016-02-16,11000,0.0385
2016-02-17,5000,0.0203
2016-02-18,20000,0.0373
2016-02-19,2000,0.008
2016-02-22,17000,0.0502
2016-02-23,257000,0.1017
2016-02-24,29000,0.0319
2016-02-25,15000,0.0318
2016-02-26,10000,0.0274
2016-03-01,10000,0.0207
2016-03-02,29000,0.0548
2016-03-03,191000,0.126
2016-03-04,14000,0.0332
2016-03-07,32000,0.0562
2016-03-08,143000,0.1466
2016-03-09,7000,0.0235
2016-03-10,164000,0.121
2016-03-11,4000,0.0123
2016-03-14,10000,0.0153
2016-03-15,9000,0.0163
2016-03-16,11000,0.0385
2016-03-17,133000,0.1816
2016-03-18,0,0.0
2016-03-21,7000,0.0354
2016-03-22,3000,0.0094
2016-03-23,4000,0.019
2016-03-24,10000,0.0504
2016-03-25,0,0.0
2016-03-28,58000,0.156
2016-03-29,11000,0.0293
2016-03-30,5000,0.0259
2016-03-31,0,0.0
2016-04-01,0,0.0
2016-04-06,4000,0.0225
2016-04-07,268000,0.1979
2016-04-08,8000,0.033
2016-04-11,2000,0.0124
2016-04-12,3000,0.0094
2016-04-13,4000,0.0189
2016-04-14,6000,0.0189
2016-04-15,3000,0.0271
2016-04-18,2000,0.031
2016-04-19,0,0.0
2016-04-20,2000,0.0161
2016-04-21,3000,0.0299
2016-04-22,3000,0.0106
2016-04-25,2000,0.0101
2016-04-26,8000,0.062
2016-04-27,1000,0.0106
2016-04-28,122000,0.1616
2016-04-29,0,0.0
2016-05-03,3000,0.0188
2016-05-04,4000,0.0268
2016-05-05,5000,0.0414
2016-05-06,2000,0.0172
2016-05-09,2000,0.0159
2016-05-10,6000,0.0478
2016-05-11,3000,0.0261
2016-05-12,0,0.0
2016-05-13,3000,0.0095
2016-05-16,12000,0.082
2016-05-17,2000,0.0219
2016-05-18,8000,0.0583
2016-05-19,7000,0.0744
2016-05-20,1000,0.0172
2016-05-23,12000,0.0526
2016-05-24,0,0.0
2016-05-25,189000,0.2
2016-05-26,6000,0.0289
2016-05-27,4000,0.0267
2016-05-30,17000,0.0885
2016-05-31,2000,0.0139
2016-06-01,5000,0.0286
2016-06-02,1000,0.0087
2016-06-03,0,0.0
2016-06-06,0,0.0
2016-06-07,1000,0.0082
2016-06-08,2000,0.0192
2016-06-13,13000,0.0513
2016-06-14,0,0.0
2016-06-15,0,0.0
2016-06-16,9000,0.0556
2016-06-17,0,0.0
2016-06-20,0,0.0
2016-06-21,22000,0.0877
2016-06-22,1000,0.008
2016-06-23,0,0.0
2016-06-24,12000,0.0633
2016-06-27,4000,0.0357
2016-06-28,1000,0.0117
2016-06-29,6000,0.0674
2016-06-30,4000,0.0244
2016-07-01,201000,0.1105
2016-07-04,294000,0.1142
2016-07-05,45000,0.0743
2016-07-06,84000,0.1241
2016-07-07,138000,0.2069
2016-07-11,279000,0.145
2016-07-12,60000,0.0912
2016-07-13,7000,0.0193
2016-07-14,84000,0.0715
2016-07-15,19000,0.034
2016-07-18,11000,0.022
2016-07-19,99000,0.1118
2016-07-20,2000,0.0039
2016-07-21,100000,0.0716
2016-07-22,453000,0.181
2016-07-25,33000,0.0386
2016-07-26,21000,0.0517
2016-07-27,180000,0.1443
2016-07-28,29000,0.0711
2016-07-29,27000,0.0432
2016-08-01,32000,0.0455
2016-08-02,175000,0.0884
2016-08-03,76000,0.0844
2016-08-04,12000,0.0312
2016-08-05,87000,0.0747
2016-08-08,22000,0.0328
2016-08-09,49000,0.045
2016-08-10,8000,0.017
2016-08-11,54000,0.0672
2016-08-12,59000,0.1193
2016-08-15,36000,0.0846
2016-08-16,9000,0.0324
2016-08-17,16000,0.0266
2016-08-18,8000,0.0288
2016-08-19,11000,0.0346
2016-08-22,0,0.0
2016-08-23,11000,0.0247
2016-08-24,13000,0.0703
2016-08-25,4000,0.0175
2016-08-26,12000,0.0314
2016-08-29,26000,0.0896
2016-08-30,14000,0.0228
2016-08-31,71000,0.0739
2016-09-01,272000,0.1162
2016-09-02,77000,0.092
2016-09-05,22000,0.0678
2016-09-06,17000,0.0432
2016-09-07,0,0.0
2016-09-08,833000,0.1655
2016-09-09,2092000,0.2547
2016-09-12,936000,0.2253
2016-09-13,684000,0.2445
2016-09-14,420000,0.215
2016-09-19,569000,0.1679
2016-09-20,133000,0.0849
2016-09-21,1998000,0.2328
2016-09-22,301000,0.1248
2016-09-23,205000,0.1131
2016-09-26,392000,0.1564
2016-09-29,136000,0.0716
2016-09-30,141000,0.0835
2016-10-03,42000,0.0403
2016-10-04,318000,0.1713
2016-10-05,27000,0.0469
2016-10-06,25000,0.0397
2016-10-07,53000,0.0453
2016-10-11,266000,0.1008
2016-10-12,84000,0.094
2016-10-13,76000,0.141
2016-10-14,50000,0.0432
2016-10-17,42000,0.0708
2016-10-18,18000,0.0737
2016-10-19,17000,0.0506
2016-10-20,385000,0.1808
2016-10-21,171000,0.1312
2016-10-24,15000,0.0394
2016-10-25,5000,0.0137
2016-10-26,43000,0.1149
2016-10-27,278000,0.1453
2016-10-28,175000,0.1869
2016-10-31,8000,0.0187
2016-11-01,20000,0.048
2016-11-02,100000,0.1203
2016-11-03,44000,0.066
2016-11-04,11000,0.0487
2016-11-07,2000,0.0103
2016-11-08,6000,0.0288
2016-11-09,51000,0.06
2016-11-10,36000,0.0589
2016-11-11,18000,0.0588
2016-11-14,7000,0.0465
2016-11-15,2000,0.017
2016-11-16,2000,0.0166
2016-11-17,0,0.0
2016-11-18,7000,0.0269
2016-11-21,5000,0.0237
2016-11-22,5000,0.0247
2016-11-23,14000,0.0525
2016-11-24,4000,0.0257
2016-11-25,13000,0.0608
2016-11-28,0,0.0
2016-11-29,5000,0.0283
2016-11-30,15000,0.053
2016-12-01,3000,0.0188
2016-12-02,1000,0.0055
2016-12-05,0,0.0
2016-12-06,3000,0.0123
2016-12-07,3000,0.0196
2016-12-08,132000,0.0881
2016-12-09,949000,0.2367
2016-12-12,163000,0.117
2016-12-13,56000,0.0675
2016-12-14,579000,0.2282
2016-12-15,95000,0.1253
2016-12-16,67000,0.1098
2016-12-19,44000,0.0714
2016-12-20,19000,0.0514
2016-12-21,24000,0.0929
2016-12-22,11000,0.0435
2016-12-23,6000,0.0287
2016-12-26,29000,0.0767
2016-12-27,99000,0.1308
2016-12-28,5000,0.022
2016-12-29,59000,0.111
2016-12-30,25000,0.0727
2017-01-03,10000,0.0311
2017-01-04,60000,0.0581
2017-01-05,34000,0.068
2017-01-06,69000,0.0839
2017-01-09,520000,0.1926
2017-01-10,57000,0.0604
2017-01-11,24000,0.0637
2017-01-12,19000,0.0648
2017-01-13,0,0.0
2017-01-16,7000,0.0223
2017-01-17,18000,0.0533
2017-01-18,16000,0.0829
2017-01-19,130000,0.0943
2017-01-20,17000,0.0327
2017-01-23,12000,0.033
2017-01-24,13000,0.0189
2017-02-02,261000,0.1827
2017-02-03,15000,0.0377
2017-02-06,94000,0.0589
2017-02-07,217000,0.1279
2017-02-08,53000,0.0336
2017-02-09,60000,0.0678
2017-02-10,119000,0.1185
2017-02-13,51000,0.0948
2017-02-14,15000,0.0311
2017-02-15,0,0.0
2017-02-16,13000,0.0284
2017-02-17,72000,0.0617
2017-02-20,5000,0.0126
2017-02-21,1000,0.0029
2017-02-22,83000,0.078
2017-02-23,19000,0.0574
2017-02-24,10000,0.0356
2017-03-01,7000,0.0174
2017-03-02,23000,0.0734
2017-03-03,7000,0.0232
2017-03-06,37000,0.0696
2017-03-07,13000,0.0509
2017-03-08,405000,0.1576
2017-03-09,48000,0.0851
2017-03-10,75000,0.0822
2017-03-13,23000,0.0612
2017-03-14,7000,0.0272
2017-03-15,1000,0.0033
2017-03-16,19000,0.0682
2017-03-17,95000,0.1244
2017-03-20,39000,0.0937
2017-03-21,62000,0.1
2017-03-22,38000,0.1071
2017-03-23,17000,0.0428
2017-03-24,18000,0.0319
2017-03-27,30000,0.0419
2017-03-28,57000,0.073
2017-03-29,22000,0.0637
2017-03-30,2000,0.0133
2017-03-31,19000,0.0882
2017-04-05,0,0.0
2017-04-06,7000,0.0416
2017-04-07,0,0.0
2017-04-10,33000,0.0739
2017-04-11,10000,0.0456
2017-04-12,2000,0.015
2017-04-13,7000,0.0387
2017-04-14,8000,0.0152
2017-04-17,9000,0.0234
2017-04-18,5000,0.0276
2017-04-19,3000,0.0243
2017-04-20,3000,0.0149
2017-04-21,2000,0.0227
2017-04-24,91000,0.1361
2017-04-25,152000,0.162
2017-04-26,151000,0.0845
2017-04-27,10000,0.0201
2017-04-28,9000,0.043
2017-05-02,9000,0.0446
2017-05-03,25000,0.0481
2017-05-04,7000,0.0371
2017-05-05,1000,0.0052
2017-05-08,2000,0.007
2017-05-09,13000,0.0238
2017-05-10,10000,0.0392
2017-05-11,5000,0.0464
2017-05-12,2000,0.0175
2017-05-15,2000,0.0361
2017-05-16,4000,0.0331
2017-05-17,0,0.0
2017-05-18,1000,0.0101
2017-05-19,44000,0.1636
2017-05-22,11000,0.083
2017-05-23,129000,0.3771
2017-05-24,3000,0.0225
2017-05-25,79000,0.3131
2017-05-26,1000,0.0106
2017-05-31,52000,0.1722
2017-06-01,107000,0.2859
2017-06-02,19000,0.0699
2017-06-05,397000,0.2261
2017-06-06,343000,0.1804
2017-06-07,40000,0.0935
2017-06-08,15000,0.0423
2017-06-09,15000,0.0529
2017-06-12,50000,0.0861
2017-06-13,2000,0.0103
2017-06-14,1000,0.0027
2017-06-15,3000,0.0402
2017-06-16,2000,0.0267
2017-06-19,0,0.0
2017-06-20,45000,0.1673
2017-06-21,132000,0.2558
2017-06-22,3000,0.0136
2017-06-23,0,0.0
2017-06-26,0,0.0
2017-06-27,3000,0.0213
2017-06-28,7000,0.0225
2017-06-29,2000,0.0068
2017-06-30,4000,0.0168
2017-07-03,8000,0.0449
2017-07-04,7000,0.0402
2017-07-05,0,0.0
2017-07-06,1000,0.0099
2017-07-07,0,0.0
2017-07-10,37000,0.1776
2017-07-11,0,0.0
2017-07-12,4000,0.0253
2017-07-13,17000,0.1026
2017-07-14,16000,0.063
2017-07-17,1000,0.0064
2017-07-18,3000,0.0133
2017-07-19,233000,0.3655
2017-07-20,1000,0.0041
2017-07-21,4000,0.0305
2017-07-24,2000,0.019
2017-07-25,87000,0.2169
2017-07-26,634000,0.3447
2017-07-27,15000,0.0292
2017-07-28,16000,0.0407
2017-07-31,4000,0.027
2017-08-01,2000,0.0123
2017-08-02,11000,0.0376
2017-08-03,2000,0.0123
2017-08-04,1000,0.005
2017-08-07,4000,0.0188
2017-08-08,1000,0.0079
2017-08-09,2000,0.0063
2017-08-10,7000,0.0208
2017-08-11,9000,0.0431
2017-08-14,1000,0.0033
2017-08-15,0,0.0
2017-08-16,1000,0.0091
2017-08-17,6000,0.0373
2017-08-18,2000,0.0106
2017-08-21,3000,0.0249
2017-08-22,0,0.0
2017-08-23,2000,0.0137
2017-08-24,9000,0.0411
2017-08-25,1000,0.003
2017-08-28,147000,0.1221
2017-08-29,1050000,0.3264
2017-08-30,49000,0.0467
2017-08-31,174000,0.1691
2017-09-01,1409000,0.367
2017-09-04,89000,0.0769
2017-09-05,215000,0.1409
2017-09-06,134000,0.1267
2017-09-07,819000,0.4216
2017-09-08,1450000,0.2768
2017-09-11,220000,0.1263
2017-09-12,95000,0.0802
2017-09-13,179000,0.2451
2017-09-14,133000,0.1992
2017-09-15,239000,0.2331
2017-09-18,18000,0.0371
2017-09-19,15000,0.0283
2017-09-20,6000,0.0157
2017-09-21,6000,0.0135
2017-09-22,39000,0.0824
2017-09-25,20000,0.0501
2017-09-26,34000,0.0822
2017-09-27,19000,0.0582
2017-09-28,1000,0.0061
2017-09-29,17000,0.0807
2017-10-02,38000,0.1006
2017-10-03,3000,0.0139
2017-10-05,3000,0.0128
2017-10-06,2000,0.0103
2017-10-11,22000,0.1001
2017-10-12,54000,0.1025
2017-10-13,241000,0.2318
2017-10-16,115000,0.1244
2017-10-17,39000,0.0691
2017-10-18,67000,0.1543
2017-10-19,689000,0.3196
2017-10-20,44000,0.0874
2017-10-23,603000,0.2745
2017-10-24,49000,0.0727
2017-10-25,152000,0.1567
2017-10-26,20000,0.0712
2017-10-27,62000,0.0698
2017-10-30,14000,0.039
2017-10-31,41000,0.0734
2017-11-01,21000,0.0887
2017-11-02,277000,0.4238
2017-11-03,17000,0.0389
2017-11-06,31000,0.1229
2017-11-07,5000,0.0179
2017-11-08,1188000,0.3896
2017-11-09,360000,0.2513
2017-11-10,4661000,0.4372
2017-11-13,1363000,0.2783
2017-11-14,278000,0.1199
2017-11-15,214000,0.1416
2017-11-16,193000,0.1862
2017-11-17,76000,0.0683
2017-11-20,113000,0.0703
2017-11-21,60000,0.0846
2017-11-22,50000,0.1032
2017-11-23,7000,0.0125
2017-11-24,81000,0.124
2017-11-27,43000,0.0892
2017-11-28,9000,0.0244
2017-11-29,20000,0.0448
2017-11-30,812000,0.376
2017-12-01,55000,0.0867
2017-12-04,6000,0.0198
2017-12-05,2000,0.0045
2017-12-06,28000,0.036
2017-12-07,24000,0.0798
2017-12-08,76000,0.1903
2017-12-11,50000,0.1315
2017-12-12,25000,0.0868
2017-12-13,13000,0.0616
2017-12-14,5000,0.0268
2017-12-15,4000,0.0276
2017-12-18,1000,0.0112
2017-12-19,6000,0.0566
2017-12-20,5000,0.0466
2017-12-21,78000,0.1526
2017-12-22,17000,0.0611
2017-12-25,273000,0.4465
2017-12-26,85000,0.184
2017-12-27,91000,0.1833
2017-12-28,1087000,0.2514
2017-12-29,114000,0.0971
2018-01-02,1331000,0.3975
2018-01-03,100000,0.0931
2018-01-04,75000,0.0992
2018-01-05,34000,0.0812
2018-01-08,285000,0.1965
2018-01-09,91000,0.0773
2018-01-10,42000,0.0642
2018-01-11,42000,0.1348
2018-01-12,58000,0.1429
2018-01-15,4000,0.0151
2018-01-16,51000,0.1318
2018-01-17,17000,0.0754
2018-01-18,92000,0.2122
2018-01-19,884000,0.3215
2018-01-22,192000,0.1534
2018-01-23,50000,0.1075
2018-01-24,47000,0.1199
2018-01-25,617000,0.3068
2018-01-26,102000,0.1839
2018-01-29,26000,0.0667
2018-01-30,46000,0.0615
2018-01-31,689000,0.4332
2018-02-01,379000,0.2725
2018-02-02,31000,0.081
2018-02-05,195000,0.2267
2018-02-06,71000,0.0635
2018-02-07,48000,0.1161
2018-02-08,18000,0.0681
2018-02-09,76000,0.1426
2018-02-12,31000,0.1091
2018-02-21,47000,0.1386
2018-02-22,22000,0.1498
2018-02-23,29000,0.1098
2018-02-26,17000,0.0698
2018-02-27,10000,0.0617
2018-03-01,13000,0.089
2018-03-02,606000,0.3948
2018-03-05,17000,0.0465
2018-03-06,439000,0.4625
2018-03-07,8000,0.0261
2018-03-08,4000,0.0075
2018-03-09,21000,0.0621
2018-03-12,11000,0.0557
2018-03-13,19000,0.0376
2018-03-14,16000,0.04
2018-03-15,9000,0.0454
2018-03-16,29000,0.0838
2018-03-19,8000,0.0723
2018-03-20,12000,0.0552
2018-03-21,1000,0.0064
2018-03-22,11000,0.0405
2018-03-23,14000,0.0324
2018-03-26,9000,0.0384
2018-03-27,5000,0.0354
2018-03-28,4000,0.0101
2018-03-29,6000,0.0148
2018-03-30,5000,0.0307
2018-04-02,12000,0.08
2018-04-03,3000,0.021
2018-04-09,6000,0.03
2018-04-10,1000,0.0153
2018-04-11,6000,0.057
2018-04-12,7000,0.0607
2018-04-13,5000,0.0386
2018-04-16,1000,0.0044
2018-04-17,375000,0.408
2018-04-18,31000,0.1188
2018-04-19,22000,0.1181
2018-04-20,7000,0.0459
2018-04-23,5000,0.0349
2018-04-24,2000,0.0076
2018-04-25,1000,0.0096
2018-04-26,9000,0.0438
2018-04-27,9000,0.0552
2018-04-30,0,0.0
2018-05-02,1000,0.0127
2018-05-03,1000,0.013
2018-05-04,9000,0.0632
2018-05-07,4000,0.0325
2018-05-08,9000,0.0414
2018-05-09,22000,0.0784
2018-05-10,2000,0.0132
2018-05-11,5000,0.0503
2018-05-14,1000,0.0066
2018-05-15,11000,0.0245
2018-05-16,18000,0.0955
2018-05-17,6000,0.0831
2018-05-18,1000,0.0073
2018-05-21,9000,0.0331
2018-05-22,16000,0.078
2018-05-23,15000,0.121
2018-05-24,1000,0.0067
2018-05-25,1000,0.0095
2018-05-28,23000,0.1016
2018-05-29,16000,0.0898
2018-05-30,7000,0.0417
2018-05-31,16000,0.1015
2018-06-01,301000,0.5335
2018-06-04,7000,0.047
2018-06-05,4000,0.0278
2018-06-06,14000,0.0568
2018-06-07,48000,0.1957
2018-06-08,800000,0.4322
2018-06-11,56000,0.1627
2018-06-12,29000,0.1311
2018-06-13,24000,0.086
2018-06-14,3000,0.0229
2018-06-15,0,0.0
2018-06-19,379000,0.5839
2018-06-20,6000,0.0435
2018-06-21,0,0.0
2018-06-22,0,0.0
2018-06-25,5000,0.0467
2018-06-26,12000,0.0576
2018-06-27,4000,0.0411
2018-06-28,1000,0.0115
2018-06-29,2000,0.0296
2018-07-02,13000,0.0563
2018-07-03,4000,0.0676
2018-07-04,7000,0.0765
2018-07-05,0,0.0
2018-07-06,3000,0.0222
2018-07-09,0,0.0
2018-07-10,3000,0.0131
2018-07-11,1000,0.0081
2018-07-12,1000,0.0169
2018-07-13,6000,0.087
2018-07-16,0,0.0
2018-07-17,1000,0.0128
2018-07-18,0,0.0
2018-07-19,3000,0.0394
2018-07-20,2000,0.0334
2018-07-23,0,0.0
2018-07-24,37000,0.2326
2018-07-25,5000,0.0506
2018-07-26,0,0.0
2018-07-27,97000,0.3722
2018-07-30,2000,0.0208
2018-07-31,3000,0.0936
2018-08-01,1000,0.009
2018-08-02,0,0.0
2018-08-03,199000,0.6023
2018-08-06,28000,0.1806
2018-08-07,2000,0.0357
2018-08-08,1000,0.015
2018-08-09,33000,0.0662
2018-08-10,0,0.0
2018-08-13,27000,0.0888
2018-08-14,4000,0.0181
2018-08-15,0,0.0
2018-08-16,4000,0.0288
2018-08-17,0,0.0
2018-08-20,1000,0.0048
2018-08-21,0,0.0
2018-08-22,2000,0.0312
2018-08-23,0,0.0
2018-08-24,16000,0.1997
2018-08-27,0,0.0
2018-08-28,9000,0.0801
2018-08-29,0,0.0
2018-08-30,8000,0.0761
2018-08-31,1000,0.0087
2018-09-03,4000,0.031
2018-09-04,3000,0.06
2018-09-05,5000,0.119
2018-09-06,0,0.0
2018-09-07,2000,0.0142
2018-09-10,9000,0.0375
2018-09-11,8000,0.1131
2018-09-12,4000,0.0613
2018-09-13,0,0.0
2018-09-14,0,0.0
2018-09-17,2000,0.0363
2018-09-18,7000,0.07
2018-09-19,1000,0.0137
2018-09-20,0,0.0
2018-09-21,0,0.0
2018-09-25,0,0.0
2018-09-26,6000,0.0939
2018-09-27,0,0.0
2018-09-28,0,0.0
2018-10-01,0,0.0
2018-10-02,0,0.0
2018-10-03,0,0.0
2018-10-04,2000,0.037
2018-10-05,10000,0.0548
2018-10-08,0,0.0
2018-10-09,0,0.0
2018-10-11,18000,0.0216
2018-10-12,27000,0.1504
2018-10-15,2000,0.027
2018-10-16,19000,0.2466
2018-10-17,8000,0.1016
2018-10-18,0,0.0
2018-10-19,0,0.0
2018-10-22,0,0.0
2018-10-23,0,0.0
2018-10-24,4000,0.0394
2018-10-25,5000,0.0287
2018-10-26,2000,0.0173
2018-10-29,5000,0.0704
2018-10-30,0,0.0
2018-10-31,0,0.0
2018-11-01,263000,0.6285
2018-11-02,7000,0.0635
2018-11-05,3000,0.0288
2018-11-06,3000,0.0651
2018-11-07,0,0.0
2018-11-08,5000,0.0581
2018-11-09,0,0.0
2018-11-12,0,0.0
2018-11-13,0,0.0
2018-11-14,5000,0.1468
2018-11-15,0,0.0
2018-11-16,3000,0.0405
2018-11-19,1000,0.0132
2018-11-20,0,0.0
2018-11-21,1000,0.0137
2018-11-22,0,0.0
2018-11-23,1000,0.0357
2018-11-26,0,0.0
2018-11-27,1000,0.0249
2018-11-28,1000,0.0139
2018-11-29,5000,0.0333
2018-11-30,15000,0.1068
2018-12-03,6000,0.0631
2018-12-04,7000,0.0748
2018-12-05,2000,0.0606
2018-12-06,3000,0.0428
2018-12-07,22000,0.2111
2018-12-10,3000,0.034
2018-12-11,2000,0.1329
2018-12-12,1000,0.0233
2018-12-13,78000,0.2283
2018-12-14,41000,0.2133
2018-12-17,1000,0.0205
2018-12-18,2000,0.0282
2018-12-19,5000,0.102
2018-12-20,0,0.0
2018-12-21,0,0.0
2018-12-24,1000,0.0581
2018-12-25,4000,0.0798
2018-12-26,4000,0.1143
2018-12-27,3000,0.068
2018-12-28,0,0.0
2019-01-02,0,0.0
2019-01-03,0,0.0
2019-01-04,0,0.0
2019-01-07,4000,0.0851
2019-01-08,76000,0.2475
2019-01-09,11000,0.0596
2019-01-10,17000,0.1888
2019-01-11,8000,0.0708
2019-01-14,18000,0.132
2019-01-15,4000,0.0497
2019-01-16,0,0.0
2019-01-17,14000,0.2277
2019-01-18,0,0.0
2019-01-21,1000,0.0213
2019-01-22,0,0.0
2019-01-23,1000,0.0301
2019-01-24,4000,0.0815
2019-01-25,0,0.0
2019-01-28,2000,0.0113
2019-01-29,80000,0.2044
2019-01-30,14000,0.0806
2019-02-11,42000,0.1046
2019-02-12,9000,0.0548
2019-02-13,11000,0.1028
2019-02-14,1000,0.0117
2019-02-15,11000,0.0851
2019-02-18,10000,0.0931
2019-02-19,10000,0.144
2019-02-20,0,0.0
2019-02-21,20000,0.0951
2019-02-22,23000,0.1402
2019-02-25,0,0.0
2019-02-26,0,0.0
2019-02-27,7000,0.0912
2019-03-04,12000,0.1881
2019-03-05,9000,0.15
2019-03-06,10000,0.1366
2019-03-07,5000,0.0531
2019-03-08,3000,0.0185
2019-03-11,5000,0.0689
2019-03-12,1000,0.0167
2019-03-13,4000,0.0293
2019-03-14,1000,0.0221
2019-03-15,1000,0.0208
2019-03-18,1000,0.0286
2019-03-19,4000,0.06
2019-03-20,0,0.0
2019-03-21,1000,0.0091
2019-03-22,63000,0.2152
2019-03-25,4000,0.0497
2019-03-26,2000,0.0517
2019-03-27,7000,0.0843
2019-03-28,0,0.0
2019-03-29,2000,0.0271
2019-04-01,0,0.0
2019-04-02,8000,0.049
2019-04-03,3000,0.0275
2019-04-08,328000,0.1958
2019-04-09,1512000,0.3653
2019-04-10,663000,0.3277
2019-04-11,278000,0.2352
2019-04-12,93000,0.1234
2019-04-15,153000,0.1581
2019-04-16,1168000,0.375
2019-04-17,296000,0.2104
2019-04-18,139000,0.1877
2019-04-19,28000,0.1124
2019-04-22,35000,0.0732
2019-04-23,13000,0.0604
2019-04-24,5000,0.0284
2019-04-25,22000,0.0626
2019-04-26,28000,0.0831
2019-04-29,77000,0.2167
2019-04-30,15000,0.088
2019-05-02,3000,0.0291
2019-05-03,201000,0.2623
2019-05-06,2000,0.0058
2019-05-07,3000,0.0266
2019-05-08,23000,0.066
2019-05-09,10000,0.0302
2019-05-10,23000,0.1263
2019-05-13,19000,0.0621
2019-05-14,12000,0.0816
2019-05-15,1000,0.0117
2019-05-16,21000,0.1123
2019-05-17,31000,0.0893
2019-05-20,3000,0.027
2019-05-21,37000,0.2342
2019-05-22,1000,0.0111
2019-05-23,17000,0.1349
2019-05-24,5000,0.0327
2019-05-27,6000,0.0429
2019-05-28,2000,0.0211
2019-05-29,1000,0.0184
2019-05-30,1000,0.0167
2019-05-31,20000,0.1852
2019-06-03,0,0.0
2019-06-04,8000,0.0706
2019-06-05,23000,0.1895
2019-06-06,1000,0.0073
2019-06-10,29000,0.0729
2019-06-11,1000,0.0081
2019-06-12,46000,0.1415
2019-06-13,4000,0.0357
2019-06-14,3000,0.024
2019-06-17,1000,0.0072
2019-06-18,6000,0.0276
2019-06-19,18000,0.0571
2019-06-20,11000,0.0525
2019-06-21,12000,0.0912
2019-06-24,12000,0.1031
2019-06-25,10000,0.1217
2019-06-26,4000,0.0676
2019-06-27,0,0.0
2019-06-28,11000,0.1004
2019-07-01,59000,0.1733
2019-07-02,13000,0.085
2019-07-03,41000,0.1196
2019-07-04,16000,0.131
2019-07-05,21000,0.0593
2019-07-08,85000,0.1027
2019-07-09,128000,0.1922
2019-07-10,75000,0.1708
2019-07-11,12000,0.0645
2019-07-12,1000,0.0041
2019-07-15,46000,0.0859
2019-07-16,331000,0.1738
2019-07-17,658000,0.3126
2019-07-18,70000,0.1089
2019-07-19,105000,0.239
2019-07-22,123000,0.1836
2019-07-23,71000,0.1271
2019-07-24,87000,0.1152
2019-07-25,56000,0.1623
2019-07-26,123000,0.2288
2019-07-29,55000,0.142
2019-07-30,213000,0.2602
2019-07-31,161000,0.2632
2019-08-01,384000,0.2904
2019-08-02,72000,0.1121
2019-08-05,62000,0.2296
2019-08-06,121000,0.2546
2019-08-07,78000,0.163
2019-08-08,108000,0.3323
2019-08-12,29000,0.0947
2019-08-13,1000,0.0076
2019-08-14,42000,0.2008
2019-08-15,8000,0.0475
2019-08-16,31000,0.1647
2019-08-19,18000,0.1462
2019-08-20,41000,0.2291
2019-08-21,41000,0.1262
2019-08-22,93000,0.1851
2019-08-23,55000,0.3458
2019-08-26,17000,0.0685
2019-08-27,32000,0.1427
2019-08-28,68000,0.2595
2019-08-29,82000,0.3924
2019-08-30,62000,0.2181
2019-09-02,63000,0.0924
2019-09-03,87000,0.1703
2019-09-04,3000,0.011
2019-09-05,8000,0.0236
2019-09-06,8000,0.031
2019-09-09,16000,0.0754
2019-09-10,65000,0.0869
2019-09-11,20000,0.1115
2019-09-12,7000,0.0473
2019-09-16,11000,0.0717
2019-09-17,7000,0.037
2019-09-18,25000,0.0933
2019-09-19,11000,0.062
2019-09-20,20000,0.1736
2019-09-23,80000,0.1814
2019-09-24,26000,0.1603
2019-09-25,6000,0.0315
2019-09-26,40000,0.1809
2019-09-27,17000,0.1115
2019-10-01,23000,0.1631
2019-10-02,14000,0.1618
2019-10-03,2000,0.022
2019-10-04,5000,0.0462
2019-10-07,3000,0.0225
2019-10-08,1000,0.0032
2019-10-09,6000,0.0306
2019-10-14,10000,0.0432
2019-10-15,4000,0.1243
2019-10-16,5000,0.0538
2019-10-17,0,0.0
2019-10-18,0,0.0
2019-10-21,2000,0.0162
2019-10-22,11000,0.0531
2019-10-23,11000,0.0349
2019-10-24,13000,0.0648
2019-10-25,8000,0.0677
2019-10-28,7000,0.053
2019-10-29,24000,0.2879
2019-10-30,10000,0.1266
2019-10-31,3000,0.1069
2019-11-01,11000,0.1232
2019-11-04,0,0.0
2019-11-05,20000,0.1078
2019-11-06,0,0.0
2019-11-07,6000,0.0538
2019-11-08,42000,0.1327
2019-11-11,6000,0.0451
2019-11-12,10000,0.1898
2019-11-13,2000,0.036
2019-11-14,14000,0.1321
2019-11-15,0,0.0
2019-11-18,0,0.0
2019-11-19,2000,0.0328
2019-11-20,3000,0.0564
2019-11-21,4000,0.0341
2019-11-22,0,0.0
2019-11-25,0,0.0
2019-11-26,0,0.0
2019-11-27,1000,0.0104
2019-11-28,3000,0.0241
2019-11-29,1000,0.0064
2019-12-02,6000,0.0764
2019-12-03,4000,0.035
2019-12-04,0,0.0
2019-12-05,0,0.0
2019-12-06,0,0.0
2019-12-09,19000,0.083
2019-12-10,0,0.0
2019-12-11,0,0.0
2019-12-12,19000,0.0759
2019-12-13,0,0.0
2019-12-16,0,0.0
2019-12-17,2000,0.0142
2019-12-18,0,0.0
2019-12-19,0,0.0
2019-12-20,0,0.0
2019-12-23,2000,0.0314
2019-12-24,2000,0.0144
2019-12-25,0,0.0
2019-12-26,2000,0.0178
2019-12-27,2000,0.0161
2019-12-30,4000,0.0689
2019-12-31,1000,0.01
2020-01-02,2000,0.0287
2020-01-03,4000,0.0443
2020-01-06,1000,0.012
2020-01-07,3000,0.0305
2020-01-08,14000,0.1195
2020-01-09,2000,0.0385
2020-01-10,0,0.0
2020-01-13,0,0.0
2020-01-14,3000,0.0211
2020-01-15,4000,0.0296
2020-01-16,0,0.0
2020-01-17,1000,0.0096
2020-01-20,0,0.0
2020-01-30,14000,0.0426
2020-01-31,13000,0.0607
2020-02-03,25000,0.1183
2020-02-04,0,0.0
2020-02-05,1000,0.0323
2020-02-06,7000,0.0578
2020-02-07,6000,0.0531
2020-02-10,2000,0.014
2020-02-11,1000,0.0081
2020-02-12,0,0.0
2020-02-13,6000,0.0395
2020-02-14,0,0.0
2020-02-17,0,0.0
2020-02-18,0,0.0
2020-02-19,0,0.0
2020-02-20,0,0.0
2020-02-21,4000,0.0664
2020-02-24,0,0.0
2020-02-25,1000,0.0127
2020-02-26,0,0.0
2020-02-27,5000,0.0392
2020-03-02,9000,0.0905
2020-03-03,7000,0.0999
2020-03-04,0,0.0
2020-03-05,0,0.0
2020-03-06,0,0.0
2020-03-09,7000,0.0402
2020-03-10,13000,0.0751
2020-03-11,9000,0.0656
2020-03-12,25000,0.0853
2020-03-13,14000,0.078
2020-03-16,4000,0.0119
2020-03-17,12000,0.0499
2020-03-18,4000,0.0317
2020-03-19,35000,0.1195
2020-03-20,27000,0.1482
2020-03-23,7000,0.0993
2020-03-24,10000,0.1279
2020-03-25,17000,0.0893
2020-03-26,6000,0.0588
2020-03-27,1000,0.0047
2020-03-30,15000,0.2203
2020-03-31,16000,0.1468
2020-04-01,26000,0.2068
2020-04-06,15000,0.0679
2020-04-07,13000,0.089
2020-04-08,10000,0.0885
2020-04-09,0,0.0
2020-04-10,0,0.0
2020-04-13,2000,0.025
2020-04-14,14000,0.1157
2020-04-15,3000,0.0476
2020-04-16,13000,0.1529
2020-04-17,19000,0.1
2020-04-20,3000,0.0817
2020-04-21,1000,0.0093
2020-04-22,4000,0.0654
2020-04-23,7000,0.1295
2020-04-24,3000,0.0732
2020-04-27,5000,0.1139
2020-04-28,1000,0.0104
2020-04-29,3000,0.0305
2020-04-30,9000,0.0466
2020-05-04,7000,0.1362
2020-05-05,41000,0.2256
2020-05-06,34000,0.1757
2020-05-07,11000,0.0655
2020-05-08,2000,0.0154
2020-05-11,11000,0.0674
2020-05-12,0,0.0
2020-05-13,1000,0.0183
2020-05-14,1000,0.0093
2020-05-15,2000,0.0164
2020-05-18,5000,0.0893
2020-05-19,9000,0.086
2020-05-20,4000,0.032
2020-05-21,0,0.0
2020-05-22,2000,0.0415
2020-05-25,11000,0.1524
2020-05-26,1000,0.0092
2020-05-27,2000,0.039
2020-05-28,0,0.0
2020-05-29,0,0.0
2020-06-01,6000,0.0652
2020-06-02,3000,0.0507
2020-06-03,1000,0.0092
2020-06-04,3000,0.0214
2020-06-05,0,0.0
2020-06-08,10000,0.0774
2020-06-09,0,0.0
2020-06-10,4000,0.0377
2020-06-11,6000,0.0594
2020-06-12,2000,0.0377
2020-06-15,0,0.0
2020-06-16,0,0.0
2020-06-17,0,0.0
2020-06-18,0,0.0
2020-06-19,6000,0.0652
2020-06-22,6000,0.0729
2020-06-23,4000,0.0678
2020-06-24,2000,0.031
2020-06-29,1000,0.0164
2020-06-30,0,0.0
2020-07-01,5000,0.0325
2020-07-02,9000,0.1095
2020-07-03,1000,0.0115
2020-07-06,7000,0.0537
2020-07-07,17000,0.1047
2020-07-08,56000,0.1226
2020-07-09,14000,0.0627
2020-07-10,47000,0.2048
2020-07-13,0,0.0
2020-07-14,1000,0.0076
2020-07-15,14000,0.0703
2020-07-16,8000,0.0904
2020-07-17,11000,0.0524
2020-07-20,6000,0.055
2020-07-21,4000,0.037
2020-07-22,2000,0.0267
2020-07-23,8000,0.0382
2020-07-24,5000,0.045
2020-07-27,2000,0.0119
2020-07-28,12000,0.1182
2020-07-29,1000,0.0251
2020-07-30,0,0.0
2020-07-31,2000,0.0431
2020-08-03,3000,0.0278
2020-08-04,50000,0.2954
2020-08-05,14000,0.155
2020-08-06,841000,0.6835
2020-08-07,14000,0.0622
2020-08-10,3000,0.0139
2020-08-11,0,0.0
2020-08-12,30000,0.1559
2020-08-13,3000,0.0369
2020-08-14,6000,0.1221
2020-08-17,2000,0.0262
2020-08-18,1000,0.0161
2020-08-19,4000,0.0031
2020-08-20,25000,0.0173
2020-08-21,3000,0.0043
2020-08-24,245000,0.5431
2020-08-25,2000,0.0183
2020-08-26,9000,0.0768
2020-08-27,0,0.0
2020-08-28,1000,0.0146
2020-08-31,2000,0.0084
2020-09-01,11000,0.1483
2020-09-02,4000,0.0768
2020-09-03,12000,0.1051
2020-09-04,2000,0.0397
2020-09-07,8000,0.0667
2020-09-08,0,0.0
2020-09-09,4000,0.0592
2020-09-10,4000,0.0353
2020-09-11,0,0.0
2020-09-14,0,0.0
2020-09-15,2000,0.0356
2020-09-16,5000,0.0454
2020-09-17,0,0.0
2020-09-18,0,0.0
2020-09-21,0,0.0
2020-09-22,4000,0.0893
2020-09-23,0,0.0
2020-09-24,1000,0.0078
2020-09-25,3000,0.0259
2020-09-28,0,0.0
2020-09-29,5000,0.0926
2020-09-30,3000,0.1154
2020-10-05,1000,0.0455
2020-10-06,0,0.0
2020-10-07,1000,0.0105
2020-10-08,7000,0.1111
2020-10-12,1000,0.0135
2020-10-13,0,0.0
2020-10-14,0,0.0
2020-10-15,1000,0.0084
2020-10-16,3000,0.0288
2020-10-19,6000,0.068
2020-10-20,2000,0.0766
2020-10-21,3000,0.0461
2020-10-22,2000,0.05
2020-10-23,4000,0.0613
2020-10-26,3000,0.045
2020-10-27,6000,0.0837
2020-10-28,50000,0.2567
2020-10-29,1000,0.015
2020-10-30,0,0.0
2020-11-02,0,0.0
2020-11-03,5000,0.0859
2020-11-04,1000,0.0292
2020-11-05,1000,0.0177
2020-11-06,0,0.0
2020-11-09,4000,0.0902
2020-11-10,4000,0.036
2020-11-11,6000,0.0801
2020-11-12,1000,0.0139
2020-11-13,0,0.0
2020-11-16,19000,0.1145
2020-11-17,5000,0.0965
2020-11-18,4000,0.0379
2020-11-19,4000,0.0511
2020-11-20,0,0.0
2020-11-23,0,0.0
2020-11-24,0,0.0
2020-11-25,4000,0.0588
2020-11-26,0,0.0
2020-11-27,3000,0.0429
2020-11-30,2000,0.0172
2020-12-01,13000,0.0632
2020-12-02,3000,0.042
2020-12-03,0,0.0
2020-12-04,1000,0.0101
2020-12-07,10000,0.0621
2020-12-08,138000,0.0896
2020-12-09,760000,0.2857
2020-12-10,59000,0.137
2020-12-11,21000,0.0811
2020-12-14,9000,0.0494
2020-12-15,5000,0.0289
2020-12-16,12000,0.0747
2020-12-17,39000,0.1622
2020-12-18,14000,0.0867
2020-12-21,24000,0.1894
2020-12-22,10000,0.0876
2020-12-23,7000,0.0744
2020-12-24,6000,0.0656
2020-12-25,1000,0.0109
2020-12-28,11000,0.0657
2020-12-29,6000,0.0565
2020-12-30,0,0.0
2020-12-31,2000,0.0317
2021-01-04,52000,0.2108
2021-01-05,6000,0.0634
2021-01-06,7000,0.0359
2021-01-07,4000,0.0298
2021-01-08,8000,0.0577
2021-01-11,6000,0.0296
2021-01-12,12000,0.0482
2021-01-13,2000,0.0247
2021-01-14,4000,0.0482
2021-01-15,7000,0.0603
2021-01-18,3000,0.0211
2021-01-19,12000,0.103
2021-01-20,5000,0.0281
2021-01-21,7000,0.0481
2021-01-22,9000,0.1039
2021-01-25,0,0.0
2021-01-26,3000,0.038
2021-01-27,34000,0.0997
2021-01-28,8000,0.0841
2021-01-29,28000,0.1503
2021-02-01,9000,0.0976
2021-02-02,0,0.0
2021-02-03,34000,0.1717
2021-02-04,6000,0.1047
2021-02-05,13000,0.2241
2021-02-17,15000,0.121
2021-02-18,6000,0.0585
2021-02-19,1000,0.0173
2021-02-22,0,0.0
2021-02-23,4000,0.0424
2021-02-24,1037000,0.4702
2021-02-25,267000,0.2637
2021-02-26,9000,0.0478
2021-03-02,23000,0.0871
2021-03-03,1000,0.0135
2021-03-04,3000,0.0484
2021-03-05,2000,0.0262
2021-03-08,3000,0.0326
2021-03-09,5000,0.0611
2021-03-10,0,0.0
2021-03-11,1000,0.0167
2021-03-12,7000,0.0669
2021-03-15,0,0.0
2021-03-16,1000,0.0127
2021-03-17,7000,0.0787
2021-03-18,9000,0.0861
2021-03-19,10000,0.0739
2021-03-22,8000,0.0574
2021-03-23,2000,0.0347
2021-03-24,2000,0.0188
2021-03-25,3000,0.0342
2021-03-26,3000,0.0774
2021-03-29,2000,0.0183
2021-03-30,2000,0.0177
2021-03-31,17000,0.1167
2021-04-01,8000,0.0807
2021-04-06,3000,0.02
2021-04-07,24000,0.1115
2021-04-08,377000,0.5542
2021-04-09,31000,0.1761
2021-04-12,6000,0.0419
2021-04-13,7000,0.0354
2021-04-14,79000,0.2152
2021-04-15,5000,0.0167
2021-04-16,11000,0.0365
2021-04-19,15000,0.0297
2021-04-20,48000,0.1426
2021-04-21,28000,0.0635
2021-04-22,10000,0.0342
2021-04-23,61000,0.1829
2021-04-26,2000,0.0148
2021-04-27,8000,0.0526
2021-04-28,7000,0.0171
2021-04-29,1000,0.0058
2021-05-03,2000,0.0132
2021-05-04,28000,0.0885
2021-05-05,2000,0.0231
2021-05-06,16000,0.0357
2021-05-07,2000,0.009
2021-05-10,22000,0.0838
2021-05-11,5000,0.0195
2021-05-12,59000,0.0783
2021-05-13,11000,0.0596
2021-05-14,7000,0.092
2021-05-17,156000,0.3017
2021-05-18,29000,0.179
2021-05-19,14000,0.2086
2021-05-20,29000,0.2248
2021-05-21,1000,0.019
2021-05-24,7000,0.0725
2021-05-25,13000,0.1666
2021-05-26,1000,0.0081
2021-05-27,2000,0.0587
2021-05-28,1000,0.007
2021-05-31,8000,0.0986
2021-06-01,1000,0.012
2021-06-02,14000,0.123
2021-06-03,2000,0.0245
2021-06-04,3000,0.0455
2021-06-07,1000,0.0221
2021-06-08,0,0.0
2021-06-09,1000,0.0189
2021-06-10,0,0.0
2021-06-11,0,0.0
2021-06-15,4000,0.0595
2021-06-16,1000,0.0269
2021-06-17,0,0.0
2021-06-18,0,0.0
2021-06-21,7000,0.1426
2021-06-22,0,0.0
2021-06-23,0,0.0
2021-06-24,2000,0.0269
2021-06-25,10000,0.1089
2021-06-28,3000,0.0496
2021-06-29,7000,0.0666
2021-06-30,3000,0.0454
2021-07-01,823000,0.7639
2021-07-02,5000,0.0595
2021-07-05,2000,0.0451
2021-07-06,5000,0.1349
2021-07-07,10000,0.1575
2021-07-08,5000,0.0554
2021-07-09,0,0.0
2021-07-12,0,0.0
2021-07-13,6000,0.0922
2021-07-14,8000,0.129
2021-07-15,0,0.0
2021-07-16,3000,0.0447
2021-07-19,4000,0.0408
2021-07-20,0,0.0
2021-07-21,1000,0.0203
2021-07-22,2000,0.0247
2021-07-23,2000,0.0596
2021-07-26,1000,0.0208
2021-07-27,0,0.0
2021-07-28,0,0.0
2021-07-29,5000,0.1108
2021-07-30,0,0.0
2021-08-02,6000,0.0866
2021-08-03,0,0.0
2021-08-04,1000,0.0294
2021-08-05,0,0.0
2021-08-06,5000,0.0581
2021-08-09,2000,0.0999
2021-08-10,0,0.0
2021-08-11,3000,0.0388
2021-08-12,0,0.0
2021-08-13,0,0.0
2021-08-16,11000,0.2268
2021-08-17,0,0.0
2021-08-18,0,0.0
2021-08-19,11000,0.1928
2021-08-20,2000,0.0632
2021-08-23,7000,0.1242
2021-08-24,0,0.0
2021-08-25,1000,0.031
2021-08-26,0,0.0
2021-08-27,0,0.0
2021-08-30,0,0.0
2021-08-31,48000,0.302
2021-09-01,2000,0.0805
2021-09-02,0,0.0
2021-09-03,3000,0.1695
2021-09-06,5000,0.0858
2021-09-07,45000,0.3688
2021-09-08,10000,0.1384
2021-09-09,1000,0.0277
2021-09-10,0,0.0
2021-09-13,4000,0.1162
2021-09-14,0,0.0
2021-09-15,0,0.0
2021-09-16,1000,0.083
2021-09-17,119000,0.3603
2021-09-22,5000,0.0502
2021-09-23,0,0.0
2021-09-24,18000,0.1395
2021-09-27,12000,0.0538
2021-09-28,27000,0.19
2021-09-29,9000,0.1491
2021-09-30,6000,0.1
2021-10-01,9000,0.1714
2021-10-04,2000,0.0415
2021-10-05,0,0.0
2021-10-06,0,0.0
2021-10-07,3000,0.0881
2021-10-08,2000,0.0252
2021-10-12,1000,0.0879
2021-10-13,4000,0.1989
2021-10-14,2000,0.0402
2021-10-15,1000,0.0327
2021-10-18,0,0.0
2021-10-19,1000,0.0813
2021-10-20,2000,0.1004
2021-10-21,1000,0.0415
2021-10-22,4000,0.1942
2021-10-25,1000,0.04
2021-10-26,4000,0.1185
2021-10-27,2000,0.0989
2021-10-28,14000,0.1006
2021-10-29,0,0.0
2021-11-01,0,0.0
2021-11-02,2000,0.0339
2021-11-03,2000,0.0443
2021-11-04,1000,0.0204
2021-11-05,2000,0.0643
2021-11-08,2000,0.0791
2021-11-09,4000,0.1501
2021-11-10,3000,0.0744
2021-11-11,8000,0.1919
2021-11-12,2000,0.025
2021-11-15,3000,0.0352
2021-11-16,1000,0.008
2021-11-17,3000,0.09
2021-11-18,2000,0.0459
2021-11-19,1000,0.0196
2021-11-22,5000,0.0816
2021-11-23,1000,0.0194
2021-11-24,6000,0.1176
2021-11-25,2000,0.027
2021-11-26,1000,0.0213
2021-11-29,0,0.0
2021-11-30,1000,0.0208
2021-12-01,1000,0.0263
2021-12-02,3000,0.0693
2021-12-03,2000,0.1049
2021-12-06,1000,0.0385
2021-12-07,0,0.0
2021-12-08,27000,0.203
2021-12-09,1000,0.0133
2021-12-10,7000,0.1351
2021-12-13,2000,0.026
2021-12-14,0,0.0
2021-12-15,4000,0.031
2021-12-16,38000,0.0913
2021-12-17,6000,0.095
2021-12-20,126000,0.1983
2021-12-21,17000,0.1276
2021-12-22,0,0.0
2021-12-23,2000,0.0435
2021-12-24,9000,0.0989
2021-12-27,13000,0.1091
2021-12-28,5000,0.0652
2021-12-29,3000,0.0417
2021-12-30,27000,0.1909
2022-01-03,20000,0.0787
2022-01-04,692000,0.2566
2022-01-05,3363000,0.5395
2022-01-06,249000,0.3095
2022-01-07,136000,0.1942
2022-01-10,126000,0.216
2022-01-11,190000,0.2793
2022-01-12,55000,0.157
2022-01-13,18000,0.1325
2022-01-14,59000,0.2484
2022-01-17,7000,0.0471
2022-01-18,1222000,0.5277
2022-01-19,48000,0.109
2022-01-20,86000,0.1866
2022-01-21,56000,0.1575
2022-01-24,40000,0.2008
2022-01-25,33000,0.0748
2022-01-26,27000,0.1152
2022-02-07,27000,0.2022
2022-02-08,1000,0.0072
2022-02-09,34000,0.1567
2022-02-10,15000,0.0926
2022-02-11,8000,0.0529
2022-02-14,42000,0.1462
2022-02-15,17000,0.1305
2022-02-16,24000,0.1317
2022-02-17,9000,0.059
2022-02-18,2000,0.0259
2022-02-21,5000,0.0376
2022-02-22,27000,0.1769
2022-02-23,9000,0.0828
2022-02-24,24000,0.0956
2022-02-25,11000,0.118
2022-03-01,3000,0.0392
2022-03-02,1000,0.0364
2022-03-03,0,0.0
2022-03-04,7000,0.0802
2022-03-07,14000,0.1007
2022-03-08,25000,0.185
2022-03-09,15000,0.1449
2022-03-10,2000,0.0165
2022-03-11,18000,0.1004
2022-03-14,32000,0.169
2022-03-15,12000,0.1516
2022-03-16,4000,0.0858
2022-03-17,19000,0.1668
2022-03-18,4000,0.1477
2022-03-21,3000,0.0368
2022-03-22,2000,0.0476
2022-03-23,9000,0.0762
2022-03-24,0,0.0
2022-03-25,5000,0.0995
2022-03-28,2000,0.0503
2022-03-29,1000,0.0227
2022-03-30,1000,0.0297
2022-03-31,0,0.0
2022-04-01,3000,0.039
2022-04-06,3000,0.0311
2022-04-07,1000,0.0188
2022-04-08,1000,0.0757
2022-04-11,6000,0.0504
2022-04-12,2000,0.0683
2022-04-13,3000,0.0272
2022-04-14,14000,0.1825
2022-04-15,5000,0.0753
2022-04-18,1000,0.0446
2022-04-19,3000,0.0961
2022-04-20,1000,0.0303
2022-04-21,0,0.0
2022-04-22,1000,0.0455
2022-04-25,0,0.0
2022-04-26,2000,0.0587
2022-04-27,0,0.0
2022-04-28,3000,0.0637
2022-04-29,0,0.0
2022-05-03,0,0.0
2022-05-04,3000,0.1304
2022-05-05,24000,0.1205
2022-05-06,13000,0.1605
2022-05-09,0,0.0
2022-05-10,16000,0.1356
2022-05-11,16000,0.1739
2022-05-12,31000,0.1974
2022-05-13,2000,0.0236
2022-05-16,3000,0.0599
2022-05-17,1000,0.0186
2022-05-18,12000,0.055
2022-05-19,22000,0.1153
2022-05-20,9000,0.0806
2022-05-23,23000,0.1284
2022-05-24,20000,0.1584
2022-05-25,6000,0.1071
2022-05-26,4000,0.1429
2022-05-27,13000,0.1054
2022-05-30,6000,0.068
2022-05-31,1000,0.0067
2022-06-01,1000,0.0114
2022-06-02,179000,0.2241
2022-06-06,47000,0.1865
2022-06-07,16000,0.1142
2022-06-08,30000,0.1074
2022-06-09,41000,0.1639
2022-06-10,14000,0.0716
2022-06-13,4000,0.032
2022-06-14,7000,0.1695
2022-06-15,2000,0.0534
2022-06-16,6000,0.0688
2022-06-17,23000,0.1345
2022-06-20,1000,0.0066
2022-06-21,8000,0.1739
2022-06-22,8000,0.1425
2022-06-23,5000,0.0694
2022-06-24,27000,0.1596
2022-06-27,54000,0.12
2022-06-28,22000,0.1397
2022-06-29,137000,0.2181
2022-06-30,1651000,0.2886
2022-07-01,13363000,0.7259
2022-07-04,2908000,0.6027
2022-07-05,11564000,0.6493
2022-07-06,24421000,0.7685
2022-07-07,9661000,0.7205
2022-07-08,4370000,0.4712
2022-07-11,1972000,0.5006
2022-07-12,1401000,0.4193
2022-07-13,2083000,0.5656
2022-07-14,808000,0.4789
2022-07-15,1254000,0.4691
2022-07-18,1614000,0.4298
2022-07-19,719000,0.4208
2022-07-20,770000,0.3663
2022-07-21,740000,0.2958
2022-07-22,430000,0.2347
2022-07-25,625000,0.2805
2022-07-26,321000,0.1769
2022-07-27,1472000,0.352
2022-07-28,6687000,0.5668
2022-07-29,1627000,0.4334
2022-08-01,466000,0.3042
2022-08-02,491000,0.2589
2022-08-03,722000,0.3892
2022-08-04,739000,0.3303
2022-08-05,465000,0.2456
2022-08-08,503000,0.3178
2022-08-09,394000,0.2764
2022-08-10,243000,0.2224
2022-08-11,546000,0.3312
2022-08-12,273000,0.2197
2022-08-15,460000,0.254
2022-08-16,409000,0.2313
2022-08-17,207000,0.1606
2022-08-18,250000,0.2477
2022-08-19,325000,0.2387
2022-08-22,204000,0.1396
2022-08-23,284000,0.1825
2022-08-24,132000,0.116
2022-08-25,152000,0.1733
2022-08-26,126000,0.1592
2022-08-29,734000,0.3983
2022-08-30,604000,0.3633
2022-08-31,316000,0.376
2022-09-01,174000,0.2019
2022-09-02,276000,0.2136
2022-09-05,309000,0.3433
2022-09-06,566000,0.2741
2022-09-07,628000,0.4506
2022-09-08,312000,0.3663
2022-09-12,184000,0.2215
2022-09-13,93000,0.2098
2022-09-14,154000,0.2541
2022-09-15,92000,0.198
2022-09-16,73000,0.1137
2022-09-19,117000,0.1521
2022-09-20,54000,0.206
2022-09-21,523000,0.4031
2022-09-22,266000,0.3971
2022-09-23,171000,0.2123
2022-09-26,194000,0.2397
2022-09-27,367000,0.4585
2022-09-28,299000,0.3072
2022-09-29,109000,0.1387
2022-09-30,162000,0.4148
2022-10-03,96000,0.2943
2022-10-04,119000,0.3362
2022-10-05,71000,0.1965
2022-10-06,16000,0.0816
2022-10-07,5000,0.0252
2022-10-11,203000,0.217
2022-10-12,88000,0.2256
2022-10-13,192000,0.1904
2022-10-14,70000,0.2132
2022-10-17,105000,0.3406
2022-10-18,89000,0.2974
2022-10-19,27000,0.1204
2022-10-20,79000,0.2405
2022-10-21,47000,0.2032
2022-10-24,20000,0.1196
2022-10-25,43000,0.2575
2022-10-26,75000,0.2839
2022-10-27,43000,0.1925
2022-10-28,32000,0.1361
2022-10-31,33000,0.1662
2022-11-01,14000,0.0524
2022-11-02,46000,0.1932
2022-11-03,686000,0.3601
2022-11-04,258000,0.2988
2022-11-07,38000,0.0989
2022-11-08,36000,0.123
2022-11-09,81000,0.1472
2022-11-10,22000,0.1308
2022-11-11,73000,0.1905
2022-11-14,152000,0.1806
2022-11-15,158000,0.1923
2022-11-16,108000,0.1879
2022-11-17,192000,0.2224
2022-11-18,112000,0.1869
2022-11-21,77000,0.171
2022-11-22,49000,0.1955
2022-11-23,23000,0.1038
2022-11-24,19000,0.0519
2022-11-25,26000,0.0905
2022-11-28,27000,0.1733
2022-11-29,29000,0.1152
2022-11-30,13000,0.0488
2022-12-01,40000,0.1018
2022-12-02,24000,0.1451
2022-12-05,87000,0.1551
2022-12-06,112000,0.1655
2022-12-07,104000,0.2913
2022-12-08,62000,0.1515
2022-12-09,47000,0.1615
2022-12-12,81000,0.1348
2022-12-13,2314000,0.3075
2022-12-14,4371000,0.4876
2022-12-15,950000,0.399
2022-12-16,361000,0.2022
2022-12-19,231000,0.19
2022-12-20,456000,0.3654
2022-12-21,1498000,0.3501
2022-12-22,2204000,0.4762
2022-12-23,428000,0.3573
2022-12-26,240000,0.2125
2022-12-27,311000,0.3438
2022-12-28,454000,0.2463
2022-12-29,104000,0.2455
2022-12-30,54000,0.1219
2023-01-03,118000,0.2971
2023-01-04,856000,0.4664
2023-01-05,162000,0.1711
2023-01-06,112000,0.1854
2023-01-09,331000,0.2496
2023-01-10,88000,0.1124
2023-01-11,36000,0.0831
2023-01-12,31000,0.0653
2023-01-13,128000,0.1485
2023-01-16,48000,0.1267
2023-01-17,60000,0.191
2023-01-30,93000,0.1451
2023-01-31,36000,0.0757
2023-02-01,98000,0.1433
2023-02-02,251000,0.2097
2023-02-03,353000,0.2457
2023-02-06,376000,0.2808
2023-02-07,87000,0.1377
2023-02-08,305000,0.2487
2023-02-09,540000,0.3002
2023-02-10,329000,0.2233
2023-02-13,405000,0.2711
2023-02-14,277000,0.3237
2023-02-15,1354000,0.261
2023-02-16,4916000,0.5599
2023-02-17,593000,0.3367
2023-02-20,785000,0.259
2023-02-21,1388000,0.3993
2023-02-22,665000,0.3165
2023-02-23,4419000,0.5758
2023-02-24,944000,0.3476
2023-03-01,315000,0.25
2023-03-02,789000,0.3732
2023-03-03,951000,0.3379
2023-03-06,631000,0.3423
2023-03-07,660000,0.347
2023-03-08,380000,0.2556
2023-03-09,664000,0.2505
2023-03-10,270000,0.2207
2023-03-13,367000,0.3442
2023-03-14,92000,0.1564
2023-03-15,186000,0.191
2023-03-16,242000,0.1959
2023-03-17,194000,0.2123
2023-03-20,227000,0.3134
2023-03-21,237000,0.2599
2023-03-22,60000,0.0732
2023-03-23,3073000,0.3939
2023-03-24,7068000,0.6155
2023-03-27,796000,0.3771
2023-03-28,1931000,0.5318
2023-03-29,573000,0.3445
2023-03-30,257000,0.2978
2023-03-31,309000,0.2668
2023-04-06,179000,0.2737
2023-04-07,421000,0.3544
2023-04-10,133000,0.1905
2023-04-11,646000,0.1701
2023-04-12,328000,0.2456
2023-04-13,183000,0.2181
2023-04-14,116000,0.2451
2023-04-17,148000,0.2216
2023-04-18,326000,0.2687
2023-04-19,145000,0.1769
2023-04-20,339000,0.2434
2023-04-21,429000,0.3603
2023-04-24,107000,0.2245
2023-04-25,154000,0.1566
2023-04-26,166000,0.2636
2023-04-27,124000,0.3168
2023-04-28,47000,0.163
2023-05-02,64000,0.2138
2023-05-03,81000,0.1938
2023-05-04,52000,0.1981
2023-05-05,98000,0.3127
2023-05-08,133000,0.2946
2023-05-09,457000,0.1544
2023-05-10,127000,0.2025
2023-05-11,475000,0.3641
2023-05-12,512000,0.3922
2023-05-15,767000,0.4444
2023-05-16,247000,0.3011
2023-05-17,189000,0.2693
2023-05-18,151000,0.1493
2023-05-19,130000,0.1951
2023-05-22,37000,0.0682
2023-05-23,44000,0.0956
2023-05-24,68000,0.1191
2023-05-25,116000,0.1946
2023-05-26,311000,0.2187
2023-05-29,295000,0.2233
2023-05-30,620000,0.3621
2023-05-31,173000,0.2341
2023-06-01,421000,0.2551
2023-06-02,415000,0.221
2023-06-05,1583000,0.3056
2023-06-06,1684000,0.4327
2023-06-07,1697000,0.2926
2023-06-08,2222000,0.4382
2023-06-09,2180000,0.2183
2023-06-12,2861000,0.426
2023-06-13,1486000,0.4227
2023-06-14,2359000,0.4443
2023-06-15,1918000,0.4471
2023-06-16,3182000,0.52
2023-06-19,1242000,0.3555
2023-06-20,4002000,0.5747
2023-06-21,2190000,0.477
2023-06-26,667000,0.2675
2023-06-27,587000,0.2322
2023-06-28,494000,0.3279
2023-06-29,254000,0.2455
2023-06-30,1050000,0.3611
2023-07-03,1444000,0.4009
2023-07-04,667000,0.31
2023-07-05,359000,0.2212
2023-07-06,2839000,0.4588
2023-07-07,994000,0.275
2023-07-10,1119000,0.3515
2023-07-11,454000,0.3316
2023-07-12,273000,0.3244
2023-07-13,525000,0.2836
2023-07-14,446000,0.2466
2023-07-17,1066000,0.3076
2023-07-18,6164000,0.5497
2023-07-19,2422000,0.3657
2023-07-20,857000,0.3455
2023-07-21,452000,0.3413
2023-07-24,2668000,0.4138
2023-07-25,3018000,0.3489
2023-07-26,7443000,0.526
2023-07-27,10609000,0.5966
2023-07-28,2125000,0.4218
2023-07-31,3437000,0.5005
2023-08-01,763000,0.2919
2023-08-02,1048000,0.3331
2023-08-04,845000,0.4055
2023-08-07,636000,0.3799
2023-08-08,1160000,0.3105
2023-08-09,327000,0.3636
2023-08-10,553000,0.2953
2023-08-11,384000,0.2732
2023-08-14,466000,0.317
2023-08-15,271000,0.4196
2023-08-16,303000,0.3011
2023-08-17,1073000,0.5278
2023-08-18,368000,0.2748
2023-08-21,411000,0.4229
2023-08-22,238000,0.2693
2023-08-23,374000,0.2787
2023-08-24,2670000,0.4927
2023-08-25,537000,0.316
2023-08-28,371000,0.33
2023-08-29,117000,0.244
2023-08-30,144000,0.2792
2023-08-31,109000,0.2631
2023-09-01,128000,0.1837
2023-09-04,82000,0.1871
2023-09-05,65000,0.1266
2023-09-06,72000,0.1371
2023-09-07,86000,0.144
2023-09-08,70000,0.1808
2023-09-11,77000,0.107
2023-09-12,79000,0.2709
2023-09-13,38000,0.1273
2023-09-14,79000,0.1893
2023-09-15,69000,0.1353
2023-09-18,69000,0.107
2023-09-19,100000,0.1636
2023-09-20,120000,0.1394
2023-09-21,53000,0.0916
2023-09-22,97000,0.0897
2023-09-25,92000,0.1104
2023-09-26,33000,0.0911
2023-09-27,38000,0.1586
2023-09-28,120000,0.2217
2023-10-02,57000,0.1192
2023-10-03,124000,0.2819
2023-10-04,96000,0.1881
2023-10-05,10000,0.0511
2023-10-06,15000,0.0545
2023-10-11,126000,0.1751
2023-10-12,57000,0.1967
2023-10-13,90000,0.2131
2023-10-16,78000,0.175
2023-10-17,43000,0.1374
2023-10-18,33000,0.1025
2023-10-19,62000,0.1543
2023-10-20,132000,0.399
2023-10-23,92000,0.2912
2023-10-24,77000,0.3112
2023-10-25,31000,0.1805
2023-10-26,38000,0.1553
2023-10-27,46000,0.1747
2023-10-30,34000,0.2211
2023-10-31,50000,0.194
2023-11-01,22000,0.2039
2023-11-02,29000,0.1722
2023-11-03,28000,0.1777
2023-11-06,15000,0.1108
2023-11-07,13000,0.0573
2023-11-08,119000,0.2443
2023-11-09,20000,0.0766
2023-11-10,31000,0.1425
2023-11-13,199000,0.2525
2023-11-14,391000,0.3513
2023-11-15,928000,0.3852
2023-11-16,134000,0.1382
2023-11-17,124000,0.192
2023-11-20,130000,0.1945
2023-11-21,86000,0.1777
2023-11-22,363000,0.2937
2023-11-23,237000,0.3507
2023-11-24,49000,0.1492
2023-11-27,61000,0.1683
2023-11-28,22000,0.0874
2023-11-29,26000,0.0841
2023-11-30,154000,0.2291
2023-12-01,54000,0.1661
2023-12-04,81000,0.2508
2023-12-05,47000,0.2117
2023-12-06,61000,0.1614
2023-12-07,89000,0.2296
2023-12-08,199000,0.2685
2023-12-11,59000,0.1452
2023-12-12,19000,0.0654
2023-12-13,47000,0.1518
2023-12-14,52000,0.2186
2023-12-15,15000,0.0765
2023-12-18,40000,0.1799
2023-12-19,76000,0.2095
2023-12-20,5000,0.0435
2023-12-21,29000,0.1922
2023-12-22,35000,0.146
2023-12-25,19000,0.1093
2023-12-26,26000,0.0718
2023-12-27,99000,0.2339
2023-12-28,39000,0.1116
2023-12-29,80000,0.246
2024-01-02,114000,0.3059
2024-01-03,145000,0.2913
2024-01-04,52000,0.137
2024-01-05,36000,0.1097
2024-01-08,68000,0.2599
2024-01-09,56000,0.1583
2024-01-10,17000,0.0537
2024-01-11,4000,0.0328
2024-01-12,11000,0.0602
2024-01-15,46000,0.1948
2024-01-16,14000,0.1208
2024-01-17,141000,0.259
2024-01-18,40000,0.1339
2024-01-19,27000,0.1391
2024-01-22,37000,0.2486
2024-01-23,40000,0.148
2024-01-24,29000,0.2177
2024-01-25,23000,0.1768
2024-01-26,82000,0.2898
2024-01-29,61000,0.1602
2024-01-30,63000,0.182
2024-01-31,56000,0.2443
2024-02-01,43000,0.1555
2024-02-02,20000,0.0642
2024-02-05,63000,0.1456
2024-02-15,53000,0.1478
2024-02-16,22000,0.0586
2024-02-19,73000,0.1418
2024-02-20,84000,0.2029
2024-02-21,23000,0.0761
2024-02-22,26000,0.1117
2024-02-23,148000,0.2534
2024-02-26,54000,0.1465
2024-02-27,148000,0.3747
2024-02-29,61000,0.155
2024-03-01,46000,0.1465
2024-03-04,23000,0.0884
2024-03-05,94000,0.1552
2024-03-06,48000,0.164
2024-03-07,65000,0.1116
2024-03-08,106000,0.162
2024-03-11,83000,0.2378
2024-03-12,18000,0.1113
2024-03-13,71000,0.2305
2024-03-14,29000,0.1878
2024-03-15,69000,0.1964
2024-03-18,129000,0.1679
2024-03-19,3720000,0.5215
2024-03-20,10077000,0.6559
2024-03-21,2795000,0.5025
2024-03-22,642000,0.3221
2024-03-25,2800000,0.5662
2024-03-26,610000,0.3209
2024-03-27,264000,0.3293
2024-03-28,480000,0.4308
2024-03-29,200000,0.2083
2024-04-01,271000,0.404
2024-04-02,84000,0.1885
2024-04-03,88000,0.2302
2024-04-08,1727000,0.3884
2024-04-09,458000,0.2353
2024-04-10,227000,0.2898
2024-04-11,114000,0.2057
2024-04-12,268000,0.2782
2024-04-15,97000,0.1588
2024-04-16,46000,0.0587
2024-04-17,33000,0.0934
2024-04-18,90000,0.1061
2024-04-19,205000,0.1622
2024-04-22,40000,0.1216
2024-04-23,70000,0.241
2024-04-24,531000,0.3951
2024-04-25,2700000,0.5577
2024-04-26,6509000,0.5837
2024-04-29,1982000,0.4208
2024-04-30,1237000,0.3477
2024-05-02,1492000,0.3352
2024-05-03,3243000,0.5318
2024-05-06,787000,0.3307
2024-05-07,7915000,0.5154
2024-05-08,17433000,0.6745
2024-05-09,3454000,0.591
2024-05-10,3543000,0.6293
2024-05-13,1095000,0.2508
2024-05-14,1818000,0.4726
2024-05-15,2951000,0.6013
2024-05-16,591000,0.2504
2024-05-17,429000,0.3039
2024-05-20,438000,0.4252
2024-05-21,1084000,0.3769
2024-05-22,2431000,0.4735
2024-05-23,896000,0.3426
2024-05-24,420000,0.3147
2024-05-27,2770000,0.4781
2024-05-28,1866000,0.4753
2024-05-29,5866000,0.5678
2024-05-30,1176000,0.3515
2024-05-31,715000,0.3986
2024-06-03,1638000,0.247
2024-06-04,21371000,0.6418
2024-06-05,3734000,0.4435
2024-06-06,1635000,0.4283
2024-06-07,680000,0.3335
2024-06-11,655000,0.2957
2024-06-12,468000,0.3412
2024-06-13,379000,0.3099
2024-06-14,232000,0.2183
2024-06-17,1126000,0.4543
2024-06-18,460000,0.4016
2024-06-19,321000,0.2424
2024-06-20,666000,0.2586
2024-06-21,217000,0.2141
2024-06-24,735000,0.2976
2024-06-25,570000,0.4176
2024-06-26,539000,0.3018
2024-06-27,431000,0.2845
2024-06-28,3703000,0.5235
2024-07-01,2056000,0.454
2024-07-02,532000,0.3201
2024-07-03,548000,0.2168
2024-07-04,7581000,0.5395
2024-07-05,14292000,0.6501
2024-07-08,3252000,0.4365
2024-07-09,3501000,0.5324
2024-07-10,3089000,0.4609
2024-07-11,2670000,0.4237
2024-07-12,2265000,0.3626
2024-07-15,893000,0.3231
2024-07-16,807000,0.3953
2024-07-17,492000,0.3297
2024-07-18,743000,0.3428
2024-07-19,457000,0.302
2024-07-22,390000,0.309
2024-07-23,240000,0.3276
2024-07-26,302000,0.296
2024-07-29,379000,0.2353
2024-07-30,435000,0.3625
2024-07-31,125000,0.2759
2024-08-01,1129000,0.5731
2024-08-02,319000,0.2877
2024-08-05,78000,0.0833
2024-08-06,911000,0.3646
2024-08-07,438000,0.2547
2024-08-08,1167000,0.5589
2024-08-09,1377000,0.5757
2024-08-12,384000,0.3971
2024-08-13,615000,0.4578
2024-08-14,2469000,0.5685
2024-08-15,719000,0.3651
2024-08-16,1224000,0.4424
2024-08-19,3351000,0.4913
2024-08-20,3398000,0.4913
2024-08-21,1004000,0.3566
2024-08-22,1042000,0.4829
2024-08-23,411000,0.2831
2024-08-26,295000,0.2854
2024-08-27,737000,0.4706
2024-08-28,255000,0.307
2024-08-29,118000,0.2325
2024-08-30,88000,0.1333
2024-09-02,266000,0.2968
2024-09-03,958000,0.3923
2024-09-04,532000,0.4049
2024-09-05,298000,0.4021
2024-09-06,125000,0.2424
2024-09-09,153000,0.2848
2024-09-10,193000,0.2763
2024-09-11,98000,0.3237
2024-09-12,177000,0.3285
2024-09-13,107000,0.2928
2024-09-16,139000,0.3453
2024-09-18,127000,0.2518
2024-09-19,87000,0.2693
2024-09-20,86000,0.1679
2024-09-23,84000,0.1629
2024-09-24,174000,0.2445
2024-09-25,428000,0.3432
2024-09-26,62000,0.119
2024-09-27,154000,0.3732
2024-09-30,284000,0.2877
2024-10-01,125000,0.3122
2024-10-04,131000,0.2426
2024-10-07,63000,0.1504
2024-10-08,96000,0.2521
2024-10-09,97000,0.2219
2024-10-11,98000,0.2179
2024-10-14,94000,0.2407
2024-10-15,86000,0.2602
2024-10-16,152000,0.4143
2024-10-17,154000,0.3083
2024-10-18,125000,0.2895
2024-10-21,54000,0.1332
2024-10-22,27000,0.1447
2024-10-23,38000,0.1245
2024-10-24,44000,0.1296
2024-10-25,34000,0.1003
2024-10-28,91000,0.2901
2024-10-29,96000,0.2974
2024-10-30,42000,0.2473
2024-11-01,32000,0.2861
2024-11-04,21000,0.1467
2024-11-05,147000,0.2872
2024-11-06,33000,0.2101
2024-11-07,80000,0.1787
2024-11-08,124000,0.2213
2024-11-11,45000,0.2754
2024-11-12,44000,0.2254
2024-11-13,26000,0.2224
2024-11-14,50000,0.2009
2024-11-15,89000,0.2719
2024-11-18,32000,0.1471
2024-11-19,77000,0.2169
2024-11-20,84000,0.1904
2024-11-21,84000,0.316
2024-11-22,46000,0.1573
2024-11-25,105000,0.1643
2024-11-26,184000,0.3389
2024-11-27,86000,0.1879
2024-11-28,85000,0.3041
2024-11-29,67000,0.308
2024-12-02,54000,0.2485
2024-12-03,56000,0.1871
2024-12-04,45000,0.1751
2024-12-05,48000,0.2161
2024-12-06,41000,0.1302
2024-12-09,94000,0.2178
2024-12-10,319000,0.3778
2024-12-11,65000,0.1254
2024-12-12,97000,0.2427
2024-12-13,38000,0.1173
2024-12-16,98000,0.1924
2024-12-17,618000,0.3255
2024-12-18,2188000,0.5
2024-12-19,2046000,0.5968
2024-12-20,2357000,0.6462
2024-12-23,3663000,0.581
2024-12-24,4056000,0.5474
2024-12-25,2780000,0.5239
2024-12-26,4927000,0.5839
2024-12-27,1138000,0.3418
2024-12-30,1538000,0.4855
2024-12-31,7235000,0.4568
2025-01-02,31447000,0.7655
2025-01-03,5559000,0.6363
2025-01-06,3939000,0.5126
2025-01-07,15556000,0.724
2025-01-08,2150000,0.4047
2025-01-09,2016000,0.447
2025-01-10,1099000,0.4897
2025-01-13,945000,0.391
2025-01-14,1100000,0.4876
2025-01-15,714000,0.4283
2025-01-16,608000,0.4467
2025-01-17,749000,0.4854
2025-01-20,174000,0.2765
2025-01-21,187000,0.2756
2025-01-22,395000,0.2808
2025-02-03,252000,0.3103
2025-02-04,253000,0.3332
2025-02-05,1089000,0.4256
2025-02-06,1398000,0.4453
2025-02-07,7507000,0.4627
2025-02-10,8787000,0.5969
2025-02-11,5702000,0.4463
2025-02-12,29177000,0.7057
2025-02-13,13821000,0.7302
2025-02-14,16383000,0.7561
2025-02-17,14478000,0.6559
2025-03-07,8463000,0.7504
2025-03-10,2670000,0.3194
2025-03-11,5341000,0.5548
2025-03-12,5074000,0.6211
2025-03-13,1013000,0.2274
2025-03-14,23069000,0.7183
2025-03-17,9479000,0.7284
2025-03-18,12827000,0.7321
2025-03-19,4911000,0.5761
2025-03-20,10196000,0.6901
2025-03-21,3912000,0.5562
2025-03-24,3851000,0.5464
2025-03-25,3241000,0.5822
2025-03-26,1942000,0.6306
2025-03-27,2515000,0.6103
2025-03-28,1780000,0.5401
2025-03-31,1784000,0.4909
2025-04-01,1130000,0.4574
2025-04-02,3049000,0.646
2025-04-07,0,0.0
2025-04-08,1504000,0.3652
2025-04-09,2234000,0.5013
2025-04-10,2000,0.0018
2025-04-11,1495000,0.504
2025-04-14,1394000,0.5125
2025-04-15,1231000,0.4814
2025-04-16,884000,0.3931
2025-04-17,958000,0.5277
2025-04-18,2972000,0.66
2025-04-21,895000,0.2571
2025-04-22,824000,0.4469
2025-04-23,586000,0.3375
2025-04-24,391000,0.2901
2025-04-25,689000,0.3177
2025-04-28,657000,0.4377
2025-04-29,2782000,0.4829
2025-04-30,21141000,0.7276
2025-05-02,3699000,0.6004
2025-05-05,2275000,0.3846
2025-05-06,1237000,0.4989
2025-05-07,1000000,0.5538
2025-05-08,2403000,0.5623
2025-05-09,2883000,0.5989
2025-05-12,3146000,0.601
2025-05-13,2352000,0.571
2025-05-14,1191000,0.387
2025-05-15,9324000,0.6298
2025-05-16,3620000,0.5526
2025-05-19,14923000,0.667
2025-05-20,6641000,0.6696
2025-05-21,3104000,0.5882
2025-05-22,2154000,0.5922
2025-05-23,6506000,0.7036
2025-05-26,3473000,0.6098
2025-05-27,2144000,0.5456
2025-05-28,1562000,0.5006
2025-05-29,836000,0.5107
2025-06-02,1101000,0.448
2025-06-03,825000,0.5062
2025-06-04,3975000,0.6695
2025-06-05,1873000,0.5762
2025-06-06,787000,0.4901
2025-06-09,612000,0.4439
2025-06-10,1625000,0.6023
2025-06-11,1602000,0.3701
2025-06-12,3955000,0.5534
2025-06-13,1061000,0.3482
2025-06-16,629000,0.4113
2025-06-17,1002000,0.4512
2025-06-18,309000,0.2846
2025-06-19,705000,0.2666
2025-06-20,1062000,0.4618
2025-06-23,671000,0.3524
2025-06-24,950000,0.3475
2025-06-25,790000,0.4361
2025-06-26,4913000,0.4241
2025-06-27,14726000,0.6378
2025-06-30,2346000,0.5487
2025-07-01,2612000,0.5336
2025-07-02,684000,0.41
2025-07-03,1054000,0.5026
2025-07-04,754000,0.4137
2025-07-07,495000,0.2847
2025-07-08,554000,0.4394
2025-07-09,265000,0.3802
2025-07-10,382000,0.3635
2025-07-11,1824000,0.5926
2025-07-14,283000,0.3385
2025-07-15,215000,0.3473
2025-07-16,817000,0.3753
2025-07-17,2988000,0.564
2025-07-18,10330000,0.6721
2025-07-21,1973000,0.4764
2025-07-22,1991000,0.4494
2025-07-23,15177000,0.6062
2025-07-24,22551000,0.7266
2025-07-25,18499000,0.7286
2025-07-28,13025000,0.6927
2025-07-29,13230000,0.7162
2025-07-30,15336000,0.6137
2025-07-31,39500000,0.7873
2025-08-01,13844000,0.6764
2025-08-04,14776000,0.7234
2025-08-05,7875000,0.5452
2025-08-06,4280000,0.5791
2025-08-07,3085000,0.4658
2025-08-08,12151000,0.6744
2025-08-11,6012000,0.6544
2025-08-12,2105000,0.488
2025-08-13,18062000,0.6229
2025-08-14,21407000,0.6593
2025-08-15,4007000,0.5697
2025-08-18,4241000,0.528
2025-08-19,3061000,0.3748
2025-08-20,4429000,0.5364
2025-08-21,4835000,0.6094
2025-08-22,2256000,0.456
2025-08-25,870000,0.1834
2025-08-26,15987000,0.6413
2025-08-27,3781000,0.4524
2025-08-28,3294000,0.4201
2025-08-29,2768000,0.3953
2025-09-01,2350000,0.4102
2025-09-02,1918000,0.4469
2025-09-03,1182000,0.3427
2025-09-04,694000,0.2476
2025-09-05,624000,0.3134
2025-09-08,552000,0.2511
2025-09-09,2108000,0.3911
2025-09-10,1242000,0.3719
2025-09-11,1390000,0.3141
2025-09-12,1257000,0.485
2025-09-15,472000,0.3
2025-09-16,657000,0.4315
2025-09-17,432000,0.3692
2025-09-18,650000,0.3417
2025-09-19,680000,0.4452
2025-09-22,569000,0.3647
2025-09-23,1491000,0.3505
2025-09-24,888000,0.3412
2025-09-25,1918000,0.4998
2025-09-26,1042000,0.2914
2025-09-30,567000,0.3437
2025-10-01,597000,0.4395
2025-10-02,322000,0.2232
2025-10-03,316000,0.2511
2025-10-07,344000,0.3407
2025-10-08,453000,0.3493
2025-10-09,264000,0.2254
2025-10-13,399000,0.3464
2025-10-14,537000,0.3346
2025-10-15,227000,0.2984
2025-10-16,237000,0.342
2025-10-17,198000,0.26
2025-10-20,134000,0.2141
2025-10-21,1670000,0.4352
2025-10-22,1245000,0.5739
2025-10-23,186000,0.2791
2025-10-27,208000,0.282
2025-10-28,282000,0.2408
2025-10-29,170000,0.1931
2025-10-30,332000,0.2926
2025-10-31,357000,0.3981
2025-11-03,182000,0.2846
2025-11-04,192000,0.256
2025-11-05,305000,0.321
2025-11-06,151000,0.3114
2025-11-07,371000,0.3348
2025-11-10,859000,0.6158
2025-11-11,934000,0.5271
2025-11-12,215000,0.2451
2025-11-13,286000,0.2764
2025-11-14,327000,0.2973
2025-11-17,259000,0.3292
2025-11-18,312000,0.2836
2025-11-19,372000,0.3719
2025-11-20,249000,0.3467
2025-11-21,245000,0.3554
2025-11-24,179000,0.2848
2025-11-25,94000,0.2505
2025-11-26,668000,0.3989
2025-11-27,412000,0.4268
2025-11-28,149000,0.3188
2025-12-01,103000,0.2851
2025-12-02,82000,0.2191
2025-12-03,125000,0.4374
2025-12-04,3426000,0.5614
2025-12-05,5718000,0.6682
2025-12-08,706000,0.3973
2025-12-09,583000,0.3246
2025-12-10,225000,0.3552
2025-12-11,515000,0.4488
2025-12-12,242000,0.4157
2025-12-15,444000,0.3435
2025-12-16,193000,0.3039
2025-12-17,1340000,0.3941
2025-12-18,583000,0.4002
2025-12-19,195000,0.3123
2025-12-22,210000,0.3108
2025-12-23,396000,0.3711
2025-12-24,194000,0.2523
2025-12-26,162000,0.3029
2025-12-29,287000,0.4351
2025-12-30,162000,0.2177
2025-12-31,136000,0.2382
2026-01-02,224000,0.2755
2026-01-05,339000,0.3486
2026-01-06,1209000,0.5667
2026-01-07,298000,0.3053
2026-01-08,211000,0.2345
2026-01-09,153000,0.2523
2026-01-12,136000,0.3235
2026-01-13,203000,0.353
2026-01-14,293000,0.2667
2026-01-15,214000,0.3426
2026-01-16,647000,0.4191
2026-01-19,407000,0.3636
2026-01-20,215000,0.3865
2026-01-21,458000,0.461
2026-01-22,480000,0.4471
2026-01-23,2588000,0.5713
2026-01-26,1208000,0.4924
2026-01-27,310000,0.3293
2026-01-28,567000,0.3585
2026-01-29,2275000,0.5425
2026-01-30,429000,0.3006
2026-02-02,297000,0.2318
2026-02-03,355000,0.4712
2026-02-04,140000,0.3067
2026-02-05,134000,0.17
2026-02-06,310000,0.2907
2026-02-09,148000,0.3388
2026-02-10,134000,0.2646
2026-02-11,261000,0.3309
2026-02-23,326000,0.2575
2026-02-24,151000,0.2284
2026-02-25,155000,0.167
2026-02-26,183000,0.2798
2026-03-02,222000,0.3629
2026-03-03,137000,0.1984
2026-03-04,217000,0.2329
2026-03-05,174000,0.2876
2026-03-06,84000,0.2209
2026-03-09,183000,0.2733
2026-03-10,105000,0.2944
2026-03-11,86000,0.1932
2026-03-12,79000,0.2152
2026-03-13,125000,0.2823
2026-03-16,300000,0.3656
2026-03-17,407000,0.3597
2026-03-18,460000,0.3412
2026-03-19,130000,0.1759
2026-03-20,196000,0.3314
2026-03-23,212000,0.3531
2026-03-24,140000,0.2706
2026-03-25,70000,0.2377
2026-03-26,190000,0.2974
2026-03-27,203000,0.3791
2026-03-30,76000,0.2389
2026-03-31,184000,0.3343
2026-04-01,37000,0.1555
2026-04-02,78000,0.2214
2026-04-07,102000,0.2168
2026-04-08,51000,0.1459
2026-04-09,75000,0.2131
2026-04-10,100000,0.2818
2026-04-13,116000,0.2763
2026-04-14,343000,0.3975
2026-04-15,193000,0.3806
2026-04-16,90000,0.2804
2026-04-17,95000,0.2444
2026-04-20,120000,0.1752
2026-04-21,33000,0.0746
2026-04-22,1001000,0.3495
2026-04-23,785000,0.2836
2026-04-24,165000,0.2006
2026-04-27,208000,0.29
2026-04-28,575000,0.4098
2026-04-29,438000,0.4672
2026-04-30,663000,0.3449
2026-05-04,1144000,0.4732
2026-05-05,1898000,0.391
2026-05-06,1816000,0.3379
2026-05-07,365000,0.2711
2026-05-08,421000,0.2679
2026-05-11,422000,0.4389
2026-05-12,252000,0.2559
2026-05-13,219000,0.2919
2026-05-14,252000,0.2955
2026-05-15,1646000,0.4683
2026-05-18,630000,0.5481
2026-05-19,314000,0.2932
2026-05-20,303000,0.3698
2026-05-21,164000,0.2703
2026-05-22,487000,0.3804
2026-05-25,1037000,0.3567
2026-05-26,892000,0.4754
2026-05-27,305000,0.2622
2026-05-28,358000,0.3408
2026-05-29,546000,0.4067
2026-06-01,1850000,0.468
2026-06-02,601000,0.2894
2026-06-03,315000,0.2659
2026-06-04,198000,0.2469
2026-06-05,555000,0.4318
2026-06-08,339000,0.3278
2026-06-09,399000,0.5075
2026-06-10,212000,0.3316
2026-06-11,169000,0.3629
2026-06-12,80000,0.2263
2026-06-15,98000,0.2367
2026-06-16,76000,0.1482
2026-06-17,80000,0.2533
2026-06-18,87000,0.2259
2026-06-22,194000,0.2537
2026-06-23,151000,0.2614
2026-06-24,3133000,0.5555
2026-06-25,2104000,0.4942
2026-06-26,307000,0.3229
2026-06-29,246000,0.4236
2026-06-30,366000,0.3185
2026-07-01,212000,0.2459
2026-07-02,2056000,0.454
2026-07-03,386000,0.2852
2026-07-06,397000,0.3561
2026-07-07,223000,0.2622
2026-07-08,2688000,0.548
2026-07-09,1700000,0.5089
2026-07-13,883000,0.4985
2026-07-14,433000,0.4137
2026-07-15,166000,0.2866
2026-07-16,162000,0.2822
2026-07-17,471000,0.2605
2026-07-20,294000,0.3462
2026-07-21,235000,0.378473
2026-07-22,357000,0.446944
2026-07-23,217000,
2026-07-24,508000,0.532071
2026-07-27,123000,
2026-07-28,204000,0.304346
2026-07-29,459000,0.437341
2026-07-30,277000,0.313449
2026-07-31,161000,0.309862
2026-08-03,188000,0.338618
2026-08-04,98000,0.348565
2026-08-05,251000,0.234554
2026-08-06,306000,0.412274
2026-08-07,573000,0.338676
2026-08-10,819000,0.329342
2026-08-11,421000,0.367082
2026-08-12,231000,0.30021
2026-08-13,270000,0.458568
2026-08-14,189000,0.375858
