date,Trading_Volume,Trading_money,open,max,min,close,spread,Trading_turnover
2015-01-05,890156,61168864,75.901278,76.787716,75.347253,76.012083,0.332415,582
2015-01-06,3363072,233961768,75.347253,78.117374,75.125644,76.455302,0.443219,2255
2015-01-07,1663240,115247560,77.34174,77.674154,75.901278,76.233692,-0.22161,1120
2015-01-08,1112310,76555504,77.009325,77.230935,75.790472,75.790472,-0.44322,772
2015-01-09,1281140,88185048,76.455302,77.009325,75.790472,75.901278,0.110806,784
2015-01-12,5116129,365004542,77.009325,80.776688,76.455302,79.225421,3.324143,3366
2015-01-13,2143841,153012311,80.222664,80.222664,78.338983,78.671397,-0.554024,1436
2015-01-14,1173000,82817900,79.225421,79.447031,77.784959,77.895763,-0.775634,830
2015-01-15,2314050,164940300,78.671397,80.333469,77.56335,77.56335,-0.332413,1592
2015-01-16,3399850,230131868,77.895763,78.228178,72.577134,73.241962,-4.321388,2213
2015-01-19,3538282,227318879,74.128401,74.239206,68.920576,69.4746,-3.767362,2335
2015-01-20,2403768,153071604,69.807014,71.801501,68.144942,71.247477,1.772877,1558
2015-01-21,1177000,75150500,71.690696,71.912305,70.250233,70.582648,-0.664829,769
2015-01-22,1235200,79197719,70.915062,71.690696,70.361039,70.582648,0.0,798
2015-01-23,2034150,131423715,71.358282,72.46633,70.361039,70.804258,0.22161,1303
2015-01-26,1362100,88518540,70.915062,72.46633,70.915062,72.355524,1.551266,864
2015-01-27,875347,57301355,73.574377,73.574377,72.02311,72.133915,-0.221609,614
2015-01-28,669146,43590890,72.133915,72.687939,71.247477,72.02311,-0.110805,492
2015-01-29,693000,45101100,72.02311,72.687939,71.469086,72.02311,0.0,466
2015-01-30,629300,40665950,72.687939,72.798743,71.136671,71.136671,-0.886439,415
2015-02-02,1956093,128845972,72.687939,74.128401,72.133915,72.133915,0.997244,1280
2015-02-03,870490,56399453,72.687939,72.687939,71.247477,71.247477,-0.886438,563
2015-02-04,782300,50668739,71.801501,72.355524,71.247477,71.912305,0.664828,479
2015-02-05,844347,54136441,71.912305,72.02311,70.361039,71.025867,-0.886438,558
2015-02-06,3022550,185564574,71.025867,71.025867,66.261261,66.482871,-4.542996,1913
2015-02-09,1782077,108224035,66.372066,68.144942,65.153213,68.144942,1.662071,1242
2015-02-10,910300,55990380,68.144942,68.698967,67.590919,68.588161,0.443219,628
2015-02-11,2716590,163391285,66.482871,68.144942,65.374823,68.144942,-0.443219,1664
2015-02-12,646423,39473545,68.144942,68.366552,67.258504,67.258504,-0.886438,394
2015-02-13,521100,31768409,67.480114,68.144942,67.258504,67.258504,0.0,350
2015-02-24,734107,44702716,67.812529,68.698967,66.92609,67.36931,0.110806,452
2015-02-25,1673303,105035410,68.144942,70.693452,67.590919,70.250233,2.880923,1134
2015-02-26,512060,32222704,70.250233,70.250233,69.252991,70.250233,0.0,333
2015-03-02,596066,37600783,70.804258,70.804258,69.252991,70.361039,0.110806,368
2015-03-03,786350,50219615,70.804258,71.469086,70.028624,70.693452,0.332413,549
2015-03-04,1661100,107566159,70.693452,72.46633,70.582648,71.358282,0.66483,1006
2015-03-05,613465,39173760,71.579891,71.690696,70.471843,70.915062,-0.44322,408
2015-03-06,780132,50147534,70.915062,72.02311,70.471843,71.136671,0.221609,521
2015-03-09,469000,30033000,70.693452,71.469086,70.361039,70.361039,-0.775632,340
2015-03-10,773001,48759663,70.361039,71.136671,69.252991,69.363795,-0.997244,560
2015-03-11,807612,49957682,68.477357,69.252991,67.701723,68.698967,-0.664828,571
2015-03-12,683030,42996180,68.809771,70.693452,68.809771,69.69621,0.997243,485
2015-03-13,610132,38195057,69.69621,70.361039,68.477357,68.477357,-1.218853,420
2015-03-16,459117,28366654,68.477357,69.585405,68.144942,68.144942,-0.332415,340
2015-03-17,994293,61609689,69.142186,69.4746,67.923333,67.923333,-0.221609,537
2015-03-18,1381651,86562282,68.144942,70.028624,68.144942,69.807014,1.883681,914
2015-03-19,2381967,158892274,71.912305,74.682425,71.025867,74.682425,4.875411,1281
2015-03-20,6952157,482193637,77.009325,78.228178,75.458059,75.679668,0.997243,3627
2015-03-23,1422394,96630494,76.566106,76.676911,74.460815,74.682425,-0.997243,929
2015-03-24,4604999,322580111,75.125644,79.557835,74.904034,78.671397,3.988972,2893
2015-03-25,3068168,214884528,78.671397,78.671397,76.566106,77.674154,-0.997243,1747
2015-03-26,1573115,108091974,76.566106,77.009325,75.236449,75.679668,-1.994486,924
2015-03-27,1776886,123310866,75.679668,78.228178,75.679668,76.122887,0.443219,1163
2015-03-30,2057360,135978849,76.233692,76.676911,70.915062,72.687939,-3.434948,1361
2015-03-31,907332,60093611,75.125644,75.125644,72.24472,73.574377,0.886438,583
2015-04-01,771258,51582162,73.131158,74.57162,72.577134,74.57162,0.997243,541
2015-04-02,2837675,196399473,75.347253,78.006569,75.01484,76.787716,2.216096,1720
2015-04-07,2836805,200735039,77.895763,79.779445,77.56335,78.117374,1.329658,1668
2015-04-08,1732278,122228178,77.56335,79.66864,76.676911,79.66864,1.551266,1114
2015-04-09,2561259,183187479,80.444274,80.444274,78.338983,78.338983,-1.329657,1357
2015-04-10,980551,68756988,79.003812,79.003812,76.898521,78.117374,-0.221609,623
2015-04-13,886537,61290367,78.449788,78.449788,75.901278,76.012083,-2.105291,573
2015-04-14,751403,52550310,76.455302,78.560593,76.233692,77.56335,1.551267,541
2015-04-15,659567,46280273,77.895763,78.893007,76.787716,77.009325,-0.554025,471
2015-04-16,5627774,407304406,77.34174,82.327955,77.009325,82.327955,5.31863,3221
2015-04-17,7901055,599566980,82.549564,86.538537,80.998298,84.211636,1.883681,5159
2015-04-20,2733490,207401150,84.211636,85.762904,82.549564,82.549564,-1.662072,1880
2015-04-21,3927005,283999458,82.881979,83.657613,77.12013,79.003812,-3.545752,2466
2015-04-22,1194200,86022140,79.557835,80.444274,78.671397,80.001054,0.997242,825
2015-04-23,1571976,114680429,80.333469,82.549564,79.336226,81.552322,1.551268,1036
2015-04-24,1647000,120365100,81.552322,82.327955,79.66864,80.333469,-1.218853,981
2015-04-27,1070289,77054608,80.333469,81.441517,78.671397,78.671397,-1.662072,721
2015-04-28,1217200,85871399,78.782202,79.336226,77.009325,77.009325,-1.662072,835
2015-04-29,2050213,139974384,77.009325,78.006569,74.79323,74.79323,-2.216095,1332
2015-04-30,1088574,74322260,75.01484,76.455302,74.904034,75.790472,0.997242,793
2015-05-04,706391,47644574,75.568863,76.233692,73.131158,74.239206,-1.551266,474
2015-05-05,1474194,96204326,74.57162,74.682425,70.915062,71.247477,-2.991729,988
2015-05-06,1770800,117374360,71.247477,76.122887,69.031381,75.568863,4.321386,1324
2015-05-07,762845,51233983,75.236449,75.236449,73.574377,74.460815,-1.108048,556
2015-05-08,3000500,198614350,76.344497,76.344497,70.361039,73.241962,-1.218853,1746
2015-05-11,2541923,173073389,76.122887,76.676911,74.017596,76.455302,3.21334,1658
2015-05-12,2006345,136630045,76.455302,77.230935,74.017596,76.344497,-0.110805,1284
2015-05-13,1118017,77131141,76.455302,77.34174,75.679668,75.790472,-0.554025,755
2015-05-14,928044,62568048,75.901278,76.122887,73.685182,74.460815,-1.329657,680
2015-05-15,968013,65484370,74.460815,76.455302,73.352768,75.236449,0.775634,670
2015-05-18,1411224,97477820,75.236449,78.006569,74.460815,78.006569,2.77012,1040
2015-05-19,3955058,283586061,77.895763,80.665884,77.784959,80.222664,2.216095,2206
2015-05-20,1555574,111275924,80.222664,80.222664,78.449788,79.003812,-1.218852,986
2015-05-21,1342200,96252699,79.003812,80.222664,78.449788,79.225421,0.221609,806
2015-05-22,1375118,98590354,79.225421,80.333469,78.338983,78.338983,-0.886438,832
2015-05-25,565152,40033897,78.338983,79.336226,78.006569,78.006569,-0.332414,389
2015-05-26,7415673,555557975,79.003812,83.436003,78.560593,83.436003,5.429434,2765
2015-05-27,10288361,810187680,83.436003,89.197852,83.436003,88.089804,4.653801,5360
2015-05-28,6357705,508972038,88.089804,90.527509,86.649342,88.865437,0.775633,3785
2015-05-29,2445125,195796737,88.643828,90.3059,87.646585,87.646585,-1.218852,1506
2015-06-01,6374509,524200597,87.53578,93.630043,87.53578,91.413947,3.767362,3689
2015-06-02,4194150,347517945,91.413947,93.519238,90.3059,90.970728,-0.443219,2500
2015-06-03,7641440,646509588,91.303143,95.735334,90.749119,93.851653,2.880925,4420
2015-06-04,7593131,636874727,95.40292,96.178553,88.643828,89.197852,-4.653801,4337
2015-06-05,3571070,292806986,89.197852,92.6328,88.976242,92.6328,3.434948,2142
2015-06-08,5999454,525135463,92.965215,101.829598,92.521996,99.835111,7.202311,3723
2015-06-09,7189866,631249453,99.281088,101.275573,94.073262,94.627287,-5.207824,4134
2015-06-10,4994730,426790221,95.292115,97.175797,92.411191,94.405677,-0.22161,3065
2015-06-11,4170002,357967870,96.732578,96.843382,93.186824,94.184067,-0.22161,2458
2015-06-12,1919401,164462503,94.184067,96.178553,93.630043,94.184067,0.0,1253
2015-06-15,1721000,147671500,94.738091,96.400163,93.740848,94.405677,0.22161,1214
2015-06-16,1970556,166631834,95.292115,95.513725,92.300386,92.743605,-1.662072,1345
2015-06-17,4157392,360825045,92.85441,98.173039,92.411191,96.289358,3.545753,2703
2015-06-18,4805900,427315308,97.508211,100.27833,96.621772,97.72982,1.440462,2833
2015-06-22,2535101,223891337,99.281088,99.835111,96.400163,96.954187,-0.775633,1605
2015-06-23,3547310,315972493,97.840625,100.49994,96.732578,96.843382,-0.110805,2239
2015-06-24,1665499,144759561,97.840625,97.840625,95.624529,95.735334,-1.108048,1087
2015-06-25,1133340,98446141,96.289358,97.064991,95.624529,96.400163,0.664829,734
2015-06-26,8030616,724279105,96.621772,101.940402,96.621772,98.948673,2.54851,4601
2015-06-29,2520900,219399600,96.732578,97.95143,95.18131,95.735334,-3.213339,1643
2015-06-30,1683205,143970350,95.735334,96.732578,93.297629,95.846139,0.110805,1134
2015-07-01,2158443,190755890,96.178553,99.170282,96.178553,97.508211,1.662072,1329
2015-07-02,1096310,96947328,98.616258,99.502697,97.175797,98.062235,0.554024,699
2015-07-03,1410008,124664607,98.173039,99.170282,96.621772,97.95143,-0.110805,917
2015-07-06,1001392,87581508,96.621772,98.283844,96.067748,96.067748,-1.883682,653
2015-07-07,1652274,145220947,96.954187,98.505454,96.067748,96.954187,0.886439,1060
2015-07-08,3446726,277427908,96.843382,97.175797,87.31417,87.31417,-9.640017,1699
2015-07-09,4514138,326863482,79.557835,83.546808,78.671397,81.441517,-5.872653,2412
2015-07-13,3071000,225904200,83.325198,84.76566,79.003812,80.444274,-0.997243,1884
2015-07-14,1856000,137740400,81.663126,83.768417,81.219907,81.330712,0.886438,1206
2015-07-15,2006000,146848200,82.327955,82.992784,79.225421,82.771175,1.440463,1260
2015-07-16,1174259,88143131,83.768417,84.100832,82.21715,82.771175,0.0,738
2015-07-17,645010,47873862,83.436003,83.436003,81.552322,81.552322,-1.218853,422
2015-07-20,4546960,308505944,81.995541,81.995541,73.463572,73.463572,-8.08875,2143
2015-07-21,5336160,336021405,66.593676,74.79323,66.593676,73.463572,0.0,2962
2015-07-22,1633200,107972519,72.577134,74.79323,71.579891,72.355524,-1.108048,1196
2015-07-23,2629295,169540061,72.02311,74.460815,69.031381,72.355524,0.0,1664
2015-07-24,1200085,76930012,72.355524,72.577134,70.028624,70.361039,-1.994485,811
2015-07-27,2760642,164989822,69.4746,70.361039,63.380337,63.380337,-6.980702,1725
2015-07-28,2828020,159067840,60.831827,64.045166,59.834584,63.158728,-0.221609,1558
2015-07-29,1819210,107146063,63.934361,66.704481,63.823556,64.37758,1.218852,1235
2015-07-30,1615002,96783118,65.042409,68.366552,64.931604,65.485628,1.108048,1107
2015-07-31,1275500,73824100,65.374823,66.372066,63.380337,64.266775,-1.218853,838
2015-08-03,1069503,61467519,63.712751,64.709994,62.383094,64.59919,0.332415,688
2015-08-04,1665001,93812057,66.039651,66.261261,59.834584,60.277803,-4.321387,1137
2015-08-05,968006,53954548,59.723779,63.158728,59.612974,62.493899,2.216096,734
2015-08-06,1152003,63859871,63.047922,64.15597,60.499412,60.942631,-1.551268,771
2015-08-07,1091000,59922400,58.615731,62.493899,58.394121,62.272289,1.329658,749
2015-08-10,1312001,76667261,62.604703,66.150457,61.385851,65.596432,3.324143,934
2015-08-11,2902898,181581614,67.923333,72.02311,67.036895,68.255748,2.659316,2035
2015-08-12,1666403,102790489,68.255748,70.139429,66.593676,68.477357,0.221609,1219
2015-08-13,849001,52989365,69.252991,70.361039,68.477357,68.698967,0.22161,642
2015-08-14,978016,61587005,68.366552,70.582648,68.366552,69.585405,0.886438,717
2015-08-17,872551,55207262,70.693452,70.693452,69.585405,69.585405,0.0,614
2015-08-18,776035,48366783,70.028624,70.693452,67.036895,68.477357,-1.108048,580
2015-08-19,1189001,70892367,68.698967,69.252991,64.266775,64.8208,-3.656557,768
2015-08-20,512005,30271520,64.8208,66.92609,64.37758,65.264019,0.443219,390
2015-08-21,1487035,81300341,63.269532,64.37758,58.837341,58.837341,-6.426678,917
2015-08-24,1626231,78108038,53.518711,54.294345,52.964688,52.964688,-5.872653,810
2015-08-25,2109213,91536577,47.737908,52.848536,47.737908,51.919331,-1.045357,1154
2015-08-26,1361220,62239175,51.919331,54.474646,50.69975,53.42929,1.509959,926
2015-08-27,1589018,76805700,55.287699,57.436487,54.765022,55.868453,2.439163,1081
2015-08-28,997400,49397818,57.494561,58.423767,56.913809,56.913809,1.045356,696
2015-08-31,509746,24943542,56.913809,57.378411,55.984604,56.507281,-0.406528,365
2015-09-01,1113253,55862874,56.623432,59.236821,56.623432,58.539917,2.032636,818
2015-09-02,716007,36125866,57.494561,59.236821,57.494561,59.236821,0.696904,505
2015-09-03,2491560,136371892,60.049876,65.160503,60.049876,65.044353,5.807532,1587
2015-09-04,1540313,84825402,65.044353,65.508956,62.140587,62.489039,-2.555314,922
2015-09-07,529002,28270114,60.746779,63.534395,60.746779,62.140587,-0.348452,374
2015-09-08,1527082,85726649,62.489039,66.786612,62.489039,64.231298,2.090711,1044
2015-09-09,1379040,78715292,66.089708,67.135064,65.276654,66.43816,2.206862,932
2015-09-10,1146060,66535140,66.322009,68.761173,65.160503,67.715818,1.277658,786
2015-09-11,2452001,151264963,70.271131,72.826445,70.271131,72.01339,4.297572,1596
2015-09-14,1275804,78503084,72.361843,72.710294,70.503432,71.084186,-0.929204,873
2015-09-15,1139000,69925800,71.316487,72.594144,70.154981,70.387282,-0.696904,755
2015-09-16,668005,40984003,70.735733,72.01339,70.503432,71.200336,0.813054,505
2015-09-17,774944,47680875,72.361843,72.361843,70.968035,70.968035,-0.232301,473
2015-09-18,1206400,75191359,71.084186,73.174897,71.084186,72.245692,1.277657,785
2015-09-21,711003,43510383,71.664938,72.01339,69.806528,71.084186,-1.161506,493
2015-09-22,1146003,71460089,71.664938,73.523349,71.664938,72.594144,1.509958,707
2015-09-23,868877,53423793,71.897239,72.594144,70.271131,70.387282,-2.206862,598
2015-09-24,1423212,83712815,70.851884,71.781089,65.973558,67.483516,-2.903766,942
2015-09-25,939071,54108203,67.599666,68.29657,66.089708,67.251214,-0.232302,686
2015-09-30,542129,31495084,66.205859,68.412721,66.205859,68.29657,1.045356,367
2015-10-01,2181393,136939085,68.993474,75.033307,68.993474,75.033307,6.736737,1135
2015-10-02,7336304,491377647,76.427114,79.44703,76.194813,78.866278,3.832971,3705
2015-10-05,2610649,179030795,80.143935,81.07314,78.517825,79.563181,0.696903,1529
2015-10-06,1588522,107661763,79.563181,80.376236,77.820922,77.820922,-1.742259,961
2015-10-07,8170511,586182475,77.937073,85.603014,77.937073,82.234646,4.413724,4495
2015-10-08,3427119,235077342,82.466947,82.699248,78.053223,78.401675,-3.832971,2054
2015-10-12,1803100,122913710,80.492386,80.492386,77.937073,79.098579,0.696904,949
2015-10-13,2130555,149201672,79.44703,82.699248,79.44703,80.840838,1.742259,1429
2015-10-14,697060,48160797,80.840838,80.840838,79.563181,79.795483,-1.045355,511
2015-10-15,1938104,135485751,80.376236,82.931549,79.563181,79.911634,0.116151,1386
2015-10-16,976230,66985284,80.260085,80.608537,79.098579,79.098579,-0.813055,700
2015-10-19,1644109,114956873,80.027784,82.350797,80.027784,80.724687,1.626108,1180
2015-10-20,3070214,219017894,80.840838,84.325358,80.840838,82.931549,2.206862,1988
2015-10-21,2394196,171471416,84.325358,84.673809,81.305441,82.118496,-0.813053,1666
2015-10-22,1192979,85676186,83.0477,84.325358,82.699248,83.512303,1.393807,856
2015-10-23,3170800,231902800,84.209207,86.532219,82.583098,85.254562,1.742259,2075
2015-10-26,4522276,350303839,92.920504,92.920504,87.112972,88.855232,3.60067,2784
2015-10-27,1619100,123298200,88.855232,89.435985,87.693726,88.622931,-0.232301,1133
2015-10-28,1627757,125145154,88.855232,90.945943,88.158328,88.274478,-0.348453,1124
2015-10-29,1470149,110387109,89.319834,89.435985,85.951466,85.951466,-2.323012,959
2015-10-30,1387099,100497027,85.951466,86.532219,82.815399,84.209207,-1.742259,969
2015-11-02,1494081,111519790,84.093056,88.274478,83.628453,87.461425,3.252218,1064
2015-11-03,952074,72097856,88.042177,88.855232,87.229123,87.345273,-0.116152,642
2015-11-04,1596377,121551200,87.693726,89.319834,87.345273,88.274478,0.929205,1002
2015-11-05,2322110,180208567,88.274478,91.178244,88.274478,90.48134,2.206862,1419
2015-11-06,1709805,132811803,91.294395,91.526696,89.203684,89.784437,-0.696903,980
2015-11-09,1882512,144626724,90.829793,91.178244,86.416069,88.739081,-1.045356,1224
2015-11-10,2545577,197061961,89.552135,91.062094,88.855232,91.062094,2.323013,1531
2015-11-11,2097182,158638287,90.36519,91.062094,84.673809,84.673809,-6.388285,1339
2015-11-12,2440288,175951467,85.370713,86.416069,80.492386,85.486864,0.813055,1406
2015-11-13,1959050,144729034,86.64837,87.112972,83.628453,84.209207,-1.277657,1038
2015-11-16,920001,66021179,83.0477,83.860754,82.699248,83.163851,-1.045356,567
2015-11-17,1031020,74820200,84.673809,85.138411,83.512303,83.628453,0.464602,680
2015-11-18,1192152,87016625,83.976905,85.835315,83.860754,83.976905,0.348452,818
2015-11-19,850116,61863544,84.78996,85.254562,83.512303,84.78996,0.813055,581
2015-11-20,2077025,154410929,85.254562,87.577575,85.022261,85.022261,0.232301,1277
2015-11-23,1311000,96443700,85.951466,86.996822,83.860754,83.860754,-1.161507,785
2015-11-24,1696129,119909561,84.325358,85.370713,80.027784,80.492386,-3.368368,1166
2015-11-25,1267602,86707168,80.143935,81.305441,78.401675,78.982428,-1.509958,850
2015-11-26,860015,59909847,79.44703,81.770043,79.44703,80.724687,1.742259,642
2015-11-27,840041,57681200,80.724687,80.724687,78.982428,79.563181,-1.161506,575
2015-11-30,572007,39338511,79.679332,80.492386,78.982428,80.143935,0.580754,414
2015-12-01,764056,53888963,80.492386,82.699248,80.492386,82.350797,2.206862,598
2015-12-02,664737,46877975,83.396152,83.396152,81.07314,81.07314,-1.277657,509
2015-12-03,622574,43292373,80.608537,82.002345,80.027784,80.492386,-0.580754,484
2015-12-04,1775447,125561305,80.143935,83.512303,79.795483,81.886194,1.393808,1190
2015-12-07,2207011,158297981,82.466947,84.441508,82.234646,82.466947,0.580753,1320
2015-12-08,1826150,126533900,82.931549,83.0477,78.866278,78.866278,-3.600669,1222
2015-12-09,2109333,139145507,78.750127,80.027784,75.033307,75.149457,-3.716821,1370
2015-12-10,1221004,78789880,75.265608,76.194813,73.639499,74.684855,-0.464602,801
2015-12-11,2405200,146964100,74.684855,75.49791,67.599666,67.831968,-6.852887,1634
2015-12-14,1733077,98506597,65.276654,68.528871,62.837491,67.715818,-0.11615,1184
2015-12-15,886647,52861157,68.528871,70.851884,68.528871,68.993474,1.277656,689
2015-12-16,691225,41171975,70.387282,70.387282,68.18042,68.528871,-0.464603,523
2015-12-17,621142,37412920,69.225775,70.387282,69.225775,69.92268,1.393809,497
2015-12-18,1006012,61220221,68.528871,72.129541,68.528871,71.664938,1.742258,754
2015-12-21,558100,34294000,70.851884,71.897239,70.387282,71.432637,-0.232301,425
2015-12-22,587129,35772840,71.664938,71.781089,69.690377,69.806528,-1.626109,407
2015-12-23,1711000,106771396,70.735733,73.987951,70.735733,70.968035,1.161507,1215
2015-12-24,668017,40639120,71.548788,72.01339,69.806528,69.92268,-1.045355,486
2015-12-25,340959,20705708,70.154981,71.084186,69.92268,70.851884,0.929204,288
2015-12-28,346012,21060468,71.316487,71.316487,70.154981,70.154981,-0.696903,274
2015-12-29,299054,17963440,70.271131,70.271131,69.458076,69.574227,-0.580754,229
2015-12-30,257005,15445405,70.271131,70.619583,69.458076,69.806528,0.232301,205
2015-12-31,257196,15513260,70.387282,70.735733,69.341926,70.154981,0.348453,205
2016-01-04,701710,41944890,70.154981,70.735733,68.528871,68.528871,-1.62611,412
2016-01-05,635002,37004326,67.715818,68.528871,66.786612,67.367365,-1.161506,384
2016-01-06,1321001,73947062,67.483516,68.064269,63.302094,64.231298,-3.136067,822
2016-01-07,1650104,86555108,63.418244,64.4636,58.423767,59.352972,-4.878326,1154
2016-01-08,1102204,58564824,59.120671,63.302094,58.88837,63.302094,3.949122,835
2016-01-11,933500,51720296,63.534395,66.205859,61.559834,64.115147,0.813053,737
2016-01-12,705005,38078775,64.4636,65.276654,60.514478,60.630629,-3.484518,535
2016-01-13,539010,28685133,61.908285,62.72134,60.86293,62.024436,1.393807,412
2016-01-14,487971,25453391,60.86293,61.443683,59.469122,60.86293,-1.161506,315
2016-01-15,577381,30265768,62.024436,62.837491,59.817574,59.933725,-0.929205,408
2016-01-18,879100,46637300,58.307616,63.882846,58.307616,63.882846,3.949121,641
2016-01-19,650009,35637631,62.953641,64.4636,62.72134,64.347449,0.464603,507
2016-01-20,854531,46181961,64.4636,65.160503,60.514478,60.514478,-3.832971,666
2016-01-21,547292,28765787,61.559834,61.792135,59.469122,61.327533,0.813055,356
2016-01-22,392011,20806627,62.953641,62.953641,60.630629,61.327533,0.0,322
2016-01-25,375060,20114420,61.792135,62.72134,61.792135,62.72134,1.393807,287
2016-01-26,374005,19847275,61.675984,62.140587,61.327533,61.443683,-1.277657,288
2016-01-27,559206,29524722,62.489039,62.489039,60.166026,60.398328,-1.045355,379
2016-01-28,348500,18272344,60.398328,61.559834,60.398328,60.630629,0.232301,297
2016-01-29,1098803,59416060,61.327533,63.766696,61.095232,63.650545,3.019916,808
2016-01-30,1734028,99157096,64.695901,67.948119,63.998997,66.554311,2.903766,1233
2016-02-01,897047,50784587,67.135064,67.135064,64.812051,65.044353,-1.509958,620
2016-02-02,499002,28063114,65.741257,66.089708,64.115147,65.044353,0.0,367
2016-02-03,497011,27791327,65.625106,65.741257,64.57975,65.044353,0.0,347
2016-02-15,449031,24923298,63.998997,65.044353,63.650545,64.928202,-0.116151,356
2016-02-16,1461412,89728996,71.316487,71.316487,71.200336,71.316487,6.388285,691
2016-02-17,4742997,307389500,73.75565,76.891717,73.639499,74.568704,3.252217,3078
2016-02-18,2357033,154168244,74.684855,77.124018,74.684855,75.61406,1.045356,1630
2016-02-19,2207123,146149841,75.846361,78.169374,75.49791,77.356319,1.742259,1523
2016-02-22,1594112,104666997,77.704772,77.820922,74.568704,76.427114,-0.929205,1026
2016-02-23,3473125,235103735,77.007867,81.07314,75.962512,81.07314,4.646026,2190
2016-02-24,2338032,159948936,79.795483,81.886194,77.937073,78.053223,-3.019917,1581
2016-02-25,1815270,123631890,79.098579,80.608537,77.820922,77.937073,-0.11615,1367
2016-02-26,1139500,76342672,78.401675,78.866278,76.310963,78.750127,0.813054,844
2016-03-01,1263301,86372269,78.285524,80.492386,78.053223,80.492386,1.742259,904
2016-03-02,2768124,195650986,82.466947,83.744604,80.143935,80.143935,-0.348451,1826
2016-03-03,1632389,112016936,80.492386,81.421591,78.517825,79.563181,-0.580754,1065
2016-03-04,866341,59401242,80.376236,80.376236,78.866278,79.795483,0.232302,593
2016-03-07,899225,61159742,80.143935,80.724687,77.937073,77.937073,-1.85841,695
2016-03-08,1435148,97966460,77.937073,80.492386,77.124018,80.492386,2.555313,1046
2016-03-09,810367,55836248,80.492386,80.724687,79.563181,79.679332,-0.813054,574
2016-03-10,2580938,181590505,80.840838,82.931549,79.679332,80.724687,1.045355,1826
2016-03-11,2563174,176424812,80.027784,81.886194,78.750127,78.982428,-1.742259,1779
2016-03-14,1183627,81576363,79.563181,80.724687,78.982428,80.143935,1.161507,765
2016-03-15,1227530,83043637,80.608537,80.608537,77.240169,77.240169,-2.903766,884
2016-03-16,1147100,76647221,77.820922,78.401675,76.891717,77.356319,0.11615,775
2016-03-17,1262027,83790909,78.285524,78.866278,75.49791,76.310963,-1.045356,827
2016-03-18,756119,50223201,76.543265,77.820922,76.078662,77.240169,0.929206,503
2016-03-21,1165351,78790933,78.285524,79.44703,77.240169,78.982428,1.742259,762
2016-03-22,529010,35565080,79.563181,79.563181,77.240169,77.937073,-1.045355,414
2016-03-23,1468010,98198880,77.937073,79.098579,76.194813,76.194813,-1.74226,819
2016-03-24,1213094,78006939,75.49791,75.61406,73.75565,74.452554,-1.742259,831
2016-03-25,727013,46202184,74.917156,75.149457,73.174897,73.639499,-0.813055,529
2016-03-28,752200,47467340,73.75565,74.684855,72.129541,72.129541,-1.509958,549
2016-03-29,864027,53567309,72.942595,73.291048,71.084186,71.548788,-0.580753,565
2016-03-30,593069,37150514,72.477993,73.639499,72.01339,72.942595,1.393807,436
2016-03-31,3194016,211063672,73.75565,78.982428,73.75565,75.730211,2.787616,2056
2016-04-01,744281,48412785,75.730211,76.427114,74.917156,75.962512,0.232301,564
2016-04-06,709760,46026160,75.49791,76.891717,73.8718,75.49791,-0.464602,540
2016-04-07,1045192,69155995,76.310963,77.937073,75.962512,75.962512,0.464602,774
2016-04-08,782528,51327117,75.730211,77.124018,75.381759,76.078662,0.11615,574
2016-04-11,596209,38638886,76.078662,76.427114,74.568704,75.033307,-1.045355,530
2016-04-12,1485073,92729955,75.49791,75.49791,70.851884,71.781089,-3.252218,1048
2016-04-13,557214,34705103,72.361843,72.826445,71.781089,72.477993,0.696904,380
2016-04-14,670665,42210795,72.594144,73.75565,72.361843,73.291048,0.813055,462
2016-04-15,341157,21303664,72.361843,73.407198,72.245692,72.245692,-1.045356,278
2016-04-18,491200,30129715,72.245692,72.245692,70.851884,70.851884,-1.393808,388
2016-04-19,292043,17938223,71.781089,72.01339,70.851884,70.968035,0.116151,242
2016-04-20,959358,57095543,71.200336,71.664938,68.064269,68.29657,-2.671465,679
2016-04-21,458001,26999459,69.109625,69.109625,67.948119,68.064269,-0.232301,293
2016-04-22,1336012,75667984,68.18042,68.18042,63.882846,65.741257,-2.323012,800
2016-04-25,346014,19748498,66.089708,66.786612,65.741257,66.205859,0.464602,269
2016-04-26,619600,35925920,67.018913,67.948119,66.43816,67.831968,1.626109,414
2016-04-27,552176,31757113,68.064269,68.064269,66.205859,66.205859,-1.626109,348
2016-04-28,426001,24041656,66.322009,67.018913,65.044353,65.044353,-1.161506,319
2016-04-29,654572,36771772,65.857407,65.857407,64.231298,65.392804,0.348451,401
2016-05-03,431529,23747979,65.392804,65.508956,62.953641,63.418244,-1.97456,330
2016-05-04,269373,14796388,63.534395,64.4636,63.418244,64.115147,0.696903,217
2016-05-05,387476,21387970,64.115147,64.928202,63.418244,64.347449,0.232302,246
2016-05-06,268204,14882240,64.4636,65.044353,63.998997,64.347449,0.0,197
2016-05-09,498003,27496962,64.57975,64.928202,62.837491,62.837491,-1.509958,312
2016-05-10,309051,16645679,62.837491,63.069792,61.211382,62.953641,0.11615,225
2016-05-11,667001,35416553,62.953641,62.953641,60.746779,60.97908,-1.974561,462
2016-05-12,844391,42627265,60.166026,61.327533,57.029959,57.029959,-3.949121,533
2016-05-13,860800,42092909,57.029959,58.307616,55.171549,57.436487,0.406528,622
2016-05-16,418061,20766346,57.494561,58.191466,57.029959,57.494561,0.058074,271
2016-05-17,573545,28675663,58.191466,58.423767,57.552637,58.307616,0.813055,371
2016-05-18,1159311,59984802,58.307616,61.327533,58.307616,60.86293,2.555314,835
2016-05-19,508000,26328500,61.095232,61.908285,59.236821,59.236821,-1.626109,367
2016-05-20,377651,19270509,59.817574,59.933725,58.656068,58.88837,-0.348451,293
2016-05-23,655759,34197942,58.88837,61.327533,58.88837,60.86293,1.97456,472
2016-05-24,406722,21283244,61.559834,61.675984,60.282177,60.398328,-0.464602,310
2016-05-25,974428,52230220,61.211382,63.069792,61.095232,62.605189,2.206861,693
2016-05-26,539035,28804558,62.837491,63.069792,61.559834,61.675984,-0.929205,340
2016-05-27,494002,26463606,62.024436,63.302094,61.675984,61.792135,0.116151,347
2016-05-30,400042,21165519,62.256738,62.372888,61.211382,61.327533,-0.464602,271
2016-05-31,660082,35108354,61.908285,62.372888,61.327533,61.559834,0.232301,363
2016-06-01,537302,28609865,62.024436,62.372888,61.095232,61.908285,0.348451,388
2016-06-02,418204,21995127,62.140587,62.256738,60.398328,60.514478,-1.393807,296
2016-06-03,400137,20632669,60.746779,60.86293,59.352972,59.469122,-1.045356,284
2016-06-04,170314,8734176,59.585273,59.933725,59.352972,59.352972,-0.11615,133
2016-06-06,2600200,139842579,59.585273,64.115147,59.585273,62.605189,3.252217,1830
2016-06-07,898600,48311499,62.837491,63.069792,61.792135,61.908285,-0.696904,643
2016-06-08,784002,42218806,62.489039,63.534395,61.908285,61.908285,0.0,524
2016-06-13,1122837,55605244,56.913809,58.191466,56.449206,57.726863,-4.181422,826
2016-06-14,446350,22446810,57.726863,58.772218,57.494561,58.772218,1.045355,325
2016-06-15,403124,20459295,58.307616,59.469122,58.075315,59.00452,0.232302,279
2016-06-16,549320,27422000,59.00452,59.120671,57.494561,57.726863,-1.277657,413
2016-06-17,487269,24625150,58.423767,59.469122,58.017239,58.191466,0.464603,338
2016-06-20,324315,16315505,58.423767,59.00452,58.075315,58.656068,0.464602,240
2016-06-21,3208103,175626214,60.049876,64.4636,60.049876,64.4636,5.807532,2012
2016-06-22,3914769,217928339,64.4636,65.625106,63.302094,63.418244,-1.045356,2366
2016-06-23,4652013,263167538,63.534395,67.135064,63.534395,66.43816,3.019916,3015
2016-06-24,2790350,154487285,66.205859,66.205859,62.372888,63.418244,-3.019916,1884
2016-06-27,1317300,73725100,64.4636,66.089708,63.882846,65.044353,1.626109,969
2016-06-28,1608021,90521876,64.347449,66.43816,63.882846,64.928202,-0.116151,1041
2016-06-29,857565,47888575,65.625106,65.857407,64.231298,64.231298,-0.696904,638
2016-06-30,742202,41104488,64.695901,65.044353,63.882846,63.882846,-0.348452,543
2016-07-01,878518,48968193,63.998997,65.508956,63.998997,64.115147,0.232301,605
2016-07-04,493085,27188056,64.231298,64.695901,63.534395,63.650545,-0.464602,380
2016-07-05,533001,29047354,63.882846,64.231298,62.72134,63.069792,-0.580753,338
2016-07-06,1138300,59833789,62.605189,62.605189,60.398328,60.514478,-2.555314,707
2016-07-07,406053,21374524,60.97908,61.675984,60.746779,61.327533,0.813055,288
2016-07-11,1435012,72827413,58.423767,59.933725,58.191466,58.772218,-2.555315,966
2016-07-12,444315,22665795,59.585273,59.585273,58.772218,59.236821,0.464603,307
2016-07-13,524051,27106552,59.352972,60.514478,59.352972,60.166026,0.929205,353
2016-07-14,557050,29137204,60.398328,61.211382,60.282177,60.514478,0.348452,380
2016-07-15,452002,23448204,60.97908,61.095232,59.933725,59.933725,-0.580753,339
2016-07-18,318000,16406400,59.817574,60.398328,59.585273,59.701423,-0.232302,240
2016-07-19,946477,49933156,59.933725,61.908285,59.817574,60.630629,0.929206,691
2016-07-20,320728,16691608,60.630629,61.095232,60.049876,60.166026,-0.464603,244
2016-07-21,427125,22266050,60.514478,60.86293,60.166026,60.282177,0.116151,292
2016-07-22,1495072,79872236,60.97908,63.418244,60.97908,61.211382,0.929205,1055
2016-07-25,464042,24135076,61.095232,61.675984,59.933725,60.282177,-0.929205,332
2016-07-26,406001,21185454,60.282177,61.327533,60.282177,60.282177,0.0,304
2016-07-27,1135322,60078569,60.746779,62.489039,60.398328,61.095232,0.813055,724
2016-07-28,573129,29882690,61.443683,61.559834,60.166026,60.166026,-0.929206,369
2016-07-29,430250,22251270,60.166026,60.746779,59.817574,59.933725,-0.232301,295
2016-08-01,564402,29301608,60.398328,60.86293,59.817574,60.049876,0.116151,321
2016-08-02,2244321,120686225,61.327533,63.302094,61.095232,62.605189,2.555313,1540
2016-08-03,747003,39599865,61.908285,62.024436,61.327533,61.559834,-1.045355,469
2016-08-04,680927,36191534,62.024436,62.024436,60.97908,61.792135,0.232301,407
2016-08-05,3005479,164308960,62.72134,64.347449,62.489039,62.953641,1.161506,1835
2016-08-08,983851,53246930,63.418244,63.650545,62.256738,63.650545,0.696904,667
2016-08-09,2196450,122037731,63.650545,65.625106,63.534395,63.534395,-0.11615,1463
2016-08-10,928684,50244025,63.534395,64.115147,62.372888,62.72134,-0.813055,578
2016-08-11,926580,49914320,62.024436,63.185942,61.443683,63.069792,0.348452,589
2016-08-12,1324029,72656154,63.418244,64.695901,62.372888,62.372888,-0.696904,793
2016-08-15,694299,37225577,62.372888,63.069792,61.443683,62.489039,0.116151,461
2016-08-16,820296,44297984,62.256738,63.650545,61.908285,62.837491,0.348452,516
2016-08-17,399119,21511753,63.534395,63.534395,62.140587,62.372888,-0.464603,276
2016-08-18,316900,17012335,62.489039,62.72134,62.140587,62.256738,-0.11615,231
2016-08-19,445009,23945286,62.489039,62.953641,62.256738,62.372888,0.11615,311
2016-08-22,469020,25175750,62.372888,62.72134,61.908285,62.372888,0.0,345
2016-08-23,2408226,133126293,63.069792,65.044353,62.953641,64.812051,2.439163,1559
2016-08-24,3304674,188013552,66.205859,67.367365,64.928202,64.928202,0.116151,2039
2016-08-25,2746971,158605730,66.205859,68.18042,66.205859,67.018913,2.090711,1724
2016-08-26,1308389,74411562,67.715818,67.715818,65.392804,65.508956,-1.509957,938
2016-08-29,1064239,60565123,65.973558,66.902763,65.625106,65.973558,0.464602,733
2016-08-30,1331947,74622314,66.089708,66.205859,64.4636,64.928202,-1.045356,890
2016-08-31,1381182,74709128,65.388342,66.114879,64.782894,65.025073,0.096871,905
2016-09-01,501925,26994501,65.751611,65.751611,64.419626,64.540715,-0.484358,308
2016-09-02,1753000,89501449,64.540715,65.146163,60.120948,61.271298,-3.269417,1075
2016-09-05,614534,31220620,61.271298,62.361104,60.78694,60.90803,-0.363268,403
2016-09-06,951140,48571140,61.029119,62.482193,61.029119,61.513477,0.605447,471
2016-09-07,482403,24570353,61.513477,62.118925,61.392388,61.755656,0.242179,344
2016-09-08,520405,26665555,62.361104,62.724372,61.634567,61.876746,0.12109,343
2016-09-09,423225,21623982,62.240014,62.482193,61.634567,61.634567,-0.242179,302
2016-09-10,414700,20762108,60.302582,61.029119,60.181492,60.90803,-0.726537,266
2016-09-12,1164002,57399698,59.63659,60.544761,58.788963,59.454955,-1.453075,615
2016-09-13,987153,47940092,60.302582,60.302582,58.24406,58.36515,-1.089805,546
2016-09-14,1531748,71281880,57.759702,58.304605,55.277367,55.82227,-2.54288,1068
2016-09-19,1352113,61763348,56.064449,56.669896,54.005927,55.580091,-0.242179,960
2016-09-20,1097180,51585046,55.70118,57.517523,55.580091,57.214799,1.634708,734
2016-09-21,1175300,54065343,55.70118,56.548807,55.216822,56.246083,-0.968716,824
2016-09-22,690383,32259928,56.669896,57.09371,55.580091,56.912075,0.665992,488
2016-09-23,374430,17679523,57.699157,57.699157,56.669896,57.033165,0.12109,261
2016-09-26,269884,12694993,57.638612,57.638612,56.669896,56.790986,-0.242179,166
2016-09-29,319010,14887241,56.790986,56.912075,56.246083,56.246083,-0.544903,226
2016-09-30,432450,19835338,56.185538,56.185538,55.337912,55.398456,-0.847627,295
2016-10-03,193005,8866785,55.70118,56.124993,55.398456,55.580091,0.181635,142
2016-10-04,576466,26136435,55.580091,55.580091,54.490285,55.398456,-0.181635,398
2016-10-05,397161,18214956,55.70118,56.003904,55.095732,55.398456,0.0,275
2016-10-06,240220,11002410,56.064449,56.064449,55.095732,55.216822,-0.181634,195
2016-10-07,704000,31723100,55.580091,55.580091,54.127016,54.369195,-0.847627,378
2016-10-11,1615001,69581094,54.005927,54.248106,51.584136,51.584136,-2.785059,963
2016-10-12,760001,32418995,50.857599,52.310673,50.61542,51.947405,0.363269,499
2016-10-13,349003,14936177,51.88686,52.673942,51.463047,51.705226,-0.242179,243
2016-10-14,598124,25114958,51.584136,52.068494,50.494331,50.554875,-1.150351,365
2016-10-17,430047,17980075,50.252152,50.918144,50.191607,50.554875,0.0,318
2016-10-18,188917,7893958,50.494331,50.857599,50.312696,50.554875,0.0,149
2016-10-19,241009,10146228,50.554875,51.160323,50.554875,51.099778,0.544903,169
2016-10-20,204320,8651985,51.099778,51.523592,51.099778,51.099778,0.0,162
2016-10-21,1870075,83823639,50.797054,55.882814,50.797054,55.095732,3.995954,1299
2016-10-24,1092002,49392948,55.943359,55.943359,54.005927,54.490285,-0.605447,643
2016-10-25,373247,16868888,54.732464,55.216822,54.490285,54.914098,0.423813,272
2016-10-26,174006,7822620,54.490285,54.793009,54.127016,54.369195,-0.544903,132
2016-10-27,326185,14501858,54.369195,54.490285,53.339934,53.582113,-0.787082,237
2016-10-28,274132,11960052,52.673942,53.763748,52.673942,52.673942,-0.908171,181
2016-10-31,139258,6104731,52.431763,53.642658,52.068494,53.1583,0.484358,124
2016-11-01,132053,5771157,53.582113,53.582113,52.552852,52.795032,-0.363268,98
2016-11-02,373108,16042221,52.855576,53.037211,51.584136,52.068494,-0.726538,221
2016-11-03,269076,11479983,51.402502,52.310673,51.341957,51.88686,-0.181634,164
2016-11-04,168003,7262529,51.88686,52.795032,51.88686,52.250129,0.363269,139
2016-11-07,150008,6512544,52.250129,52.916121,52.250129,52.310673,0.060544,128
2016-11-08,133001,5732496,52.673942,52.673942,51.88686,51.947405,-0.363268,95
2016-11-09,710200,29522605,52.371218,52.492308,49.404525,49.404525,-2.54288,382
2016-11-10,252007,10591444,49.767793,51.705226,49.767793,50.857599,1.453074,167
2016-11-11,287002,11838742,50.252152,50.433786,49.646704,50.009972,-0.847627,206
2016-11-14,486320,19634632,50.009972,50.131062,48.314719,49.283435,-0.726537,330
2016-11-15,391070,15951300,49.222891,50.61542,48.496353,50.554875,1.27144,276
2016-11-16,452660,19332224,51.099778,52.431763,50.675965,52.129039,1.574164,332
2016-11-17,200700,8581281,52.129039,52.129039,51.523592,51.584136,-0.544903,164
2016-11-18,250053,10829038,51.281412,53.037211,51.281412,52.613397,1.029261,230
2016-11-21,903071,40643495,52.613397,55.580091,52.613397,54.127016,1.513619,625
2016-11-22,328297,14654624,54.248106,54.732464,53.521569,54.005927,-0.121089,287
2016-11-23,173002,7717738,54.005927,54.42974,53.642658,53.884837,-0.12109,144
2016-11-24,159008,7036618,53.884837,54.187561,53.27939,53.339934,-0.544903,112
2016-11-25,244750,10958136,53.037211,54.793009,53.037211,54.248106,0.908172,179
2016-11-28,364550,16126950,54.611374,54.671919,53.097755,53.703203,-0.544903,215
2016-11-29,246395,10971177,53.642658,54.248106,53.27939,54.248106,0.544903,143
2016-11-30,725063,32883600,54.248106,55.70118,54.248106,54.793009,0.544903,437
2016-12-01,229028,10343965,55.216822,55.277367,54.490285,54.490285,-0.302724,167
2016-12-02,179317,8062144,54.42974,55.095732,53.884837,54.248106,-0.242179,130
2016-12-05,135200,6096364,55.095732,55.095732,54.369195,54.732464,0.484358,120
2016-12-06,2187400,103416648,55.095732,59.212776,55.095732,57.033165,2.300701,1450
2016-12-07,961005,45546890,56.790986,58.122971,56.306628,58.062426,1.029261,648
2016-12-08,1555077,75623496,58.36515,59.939313,58.36515,58.486239,0.423813,940
2016-12-09,488005,23366736,58.425694,59.091687,57.517523,57.880792,-0.605447,409
2016-12-12,603331,28614922,58.304605,58.486239,56.912075,57.154254,-0.726538,426
2016-12-13,320433,15148601,57.396433,57.880792,56.730441,57.214799,0.060545,234
2016-12-14,776290,37308526,57.517523,58.607329,57.517523,58.36515,1.150351,477
2016-12-15,440141,21009794,57.759702,58.122971,57.517523,57.880792,-0.484358,290
2016-12-16,359989,17103978,58.122971,58.122971,57.275344,57.578068,-0.302724,242
2016-12-19,529007,24735422,58.546784,58.546784,55.82227,56.003904,-1.574164,374
2016-12-20,2456418,123283980,59.5155,61.513477,58.122971,61.513477,5.509573,1143
2016-12-21,5288039,270531403,62.240014,62.724372,61.029119,61.755656,0.242179,2668
2016-12-22,1843005,94222255,62.240014,62.603283,61.029119,61.271298,-0.484358,956
2016-12-23,3971207,206697964,62.845462,63.814178,61.876746,62.361104,1.089806,2156
2016-12-26,864057,43930141,62.361104,62.845462,60.78694,61.150209,-1.210895,568
2016-12-27,352640,17785490,61.755656,61.997835,60.78694,60.90803,-0.242179,257
2016-12-28,2869056,149636926,61.150209,63.814178,61.150209,63.32982,2.42179,1661
2016-12-29,1191600,62394859,63.32982,64.177447,62.724372,63.087641,-0.242179,785
2016-12-30,1591002,84238504,64.056357,65.267252,63.571999,63.814178,0.726537,1116
2017-01-03,1621147,86462956,64.056357,65.267252,63.814178,64.782894,0.968716,977
2017-01-04,4143344,230521297,65.388342,68.778849,65.388342,67.810133,3.027239,2658
2017-01-05,1880960,104992162,67.567953,68.173401,66.962506,67.810133,0.0,1124
2017-01-06,1251176,69488308,68.53667,68.53667,66.599237,66.841416,-0.968717,889
2017-01-09,1226300,66233157,67.204685,67.204685,64.661805,64.782894,-2.058522,868
2017-01-10,1397006,75814148,65.146163,66.841416,64.661805,65.146163,0.363269,946
2017-01-11,1265004,66761114,64.661805,64.661805,62.482193,63.693089,-1.453074,922
2017-01-12,2522957,137006141,64.419626,66.720327,64.419626,66.478148,2.785059,1705
2017-01-13,2702000,150738800,67.325774,68.294491,66.720327,67.689043,1.210895,1766
2017-01-16,1303112,71308765,67.446864,67.446864,65.388342,65.99379,-1.695253,861
2017-01-17,662264,35784956,65.751611,66.478148,64.782894,65.267252,-0.726538,428
2017-01-18,1385316,75754793,65.388342,67.083595,65.267252,65.630521,0.363269,847
2017-01-19,489005,26326380,65.630521,65.751611,64.903984,64.903984,-0.726537,356
2017-01-20,669048,35966870,65.025073,65.99379,64.540715,65.025073,0.121089,439
2017-01-23,631330,34145208,65.388342,66.478148,64.903984,65.025073,0.0,402
2017-01-24,785047,41699472,65.388342,65.388342,63.814178,64.056357,-0.968716,506
2017-02-02,482111,25688899,64.540715,65.388342,64.056357,64.419626,0.363269,317
2017-02-03,994012,52655436,64.661805,65.025073,63.208731,63.208731,-1.210895,630
2017-02-06,1292120,67378580,63.208731,64.298536,62.361104,63.45091,0.242179,755
2017-02-07,556348,29012396,63.935268,63.935268,62.966552,63.087641,-0.363269,348
2017-02-08,636292,33362386,63.087641,64.177447,62.724372,63.935268,0.847627,465
2017-02-09,1952080,105748280,64.056357,66.720327,63.693089,65.751611,1.816343,1201
2017-02-10,2976170,165303851,65.8727,68.173401,65.509432,65.509432,-0.242179,1690
2017-02-13,1170650,63755437,66.114879,66.962506,65.388342,65.388342,-0.12109,751
2017-02-14,1644225,90284910,65.99379,67.446864,65.751611,66.114879,0.726537,997
2017-02-15,771200,42097652,66.599237,66.962506,65.509432,65.509432,-0.605447,538
2017-02-16,455422,24789249,65.630521,66.720327,65.509432,65.630521,0.121089,307
2017-02-17,1886571,104433905,66.478148,67.810133,65.509432,67.083595,1.453074,1152
2017-02-18,7447700,436255525,67.810133,73.743519,66.720327,73.743519,6.659924,4299
2017-02-20,6818018,427127708,76.407489,77.497294,74.470056,74.470056,0.726537,4147
2017-02-21,3577230,214676088,74.954414,76.16531,70.837371,72.048266,-2.42179,2323
2017-02-22,5241455,324700273,73.380251,78.102742,71.442818,75.438773,3.390507,3486
2017-02-23,6553893,418403988,76.528578,79.071458,75.680952,75.802041,0.363268,4154
2017-02-24,1843050,114270477,75.196593,76.770757,74.227877,74.470056,-1.331985,1260
2017-03-01,1297731,79205439,74.833325,75.559862,73.259161,73.259161,-1.210895,961
2017-03-02,1666040,101441473,74.106788,75.438773,72.048266,72.532624,-0.726537,1117
2017-03-03,1255616,74699001,72.653713,73.138072,71.07955,71.927176,-0.605448,799
2017-03-06,748634,44434695,72.048266,72.653713,71.442818,71.563908,-0.363268,521
2017-03-07,539102,32217928,72.169355,72.774803,71.806087,72.653713,1.089805,383
2017-03-08,568020,33915080,72.653713,73.138072,71.684997,71.927176,-0.726537,450
2017-03-09,4037729,250295175,72.411534,77.134026,71.684997,75.923131,3.995955,2793
2017-03-10,1861178,115821336,76.407489,76.770757,74.470056,75.075504,-0.847627,1328
2017-03-13,1147260,70180376,74.106788,74.712235,73.62243,73.985698,-1.089806,818
2017-03-14,2813332,176858407,74.954414,77.376205,74.106788,76.649668,2.66397,1922
2017-03-15,1213100,75990719,76.891847,76.891847,75.317683,75.438773,-1.210895,850
2017-03-16,1494058,93822696,76.16531,77.255115,74.954414,75.075504,-0.363269,1015
2017-03-17,787201,48932513,75.559862,76.286399,74.712235,74.954414,-0.12109,577
2017-03-20,1828156,115341216,75.438773,77.376205,75.075504,75.559862,0.605448,1155
2017-03-21,1831454,111910113,75.802041,76.16531,72.653713,73.138072,-2.42179,1201
2017-03-22,1281018,76616282,72.290445,73.138072,71.442818,72.411534,-0.726538,779
2017-03-23,1822024,109236316,72.653713,74.348967,71.321729,72.411534,0.0,1109
2017-03-24,981241,58248635,72.895893,73.138072,71.07955,71.200639,-1.210895,637
2017-03-27,1405145,80924178,70.231923,71.927176,68.657759,68.657759,-2.54288,957
2017-03-28,2505539,136597845,68.657759,69.989744,64.056357,65.509432,-3.148327,1583
2017-03-29,586678,32033677,66.478148,67.083595,65.509432,65.751611,0.242179,425
2017-03-30,649024,35215520,66.357058,66.478148,64.419626,65.751611,0.0,469
2017-03-31,828112,45641428,66.114879,67.446864,65.509432,66.478148,0.726537,613
2017-04-05,1263898,71047359,66.478148,69.021028,66.478148,68.41558,1.937432,815
2017-04-06,619648,35089400,68.53667,69.263207,67.810133,68.53667,0.12109,491
2017-04-07,795035,44261470,68.53667,68.899938,66.357058,67.689043,-0.847627,520
2017-04-10,760292,43159644,67.689043,69.989744,67.325774,69.021028,1.331985,744
2017-04-11,832121,46157608,68.899938,69.505386,65.509432,65.630521,-3.390507,599
2017-04-12,393042,21218578,65.146163,66.357058,64.903984,65.146163,-0.484358,320
2017-04-13,696202,36950516,65.146163,65.8727,63.087641,63.087641,-2.058522,644
2017-04-14,1135041,57449055,62.482193,62.482193,60.544761,60.544761,-2.54288,736
2017-04-17,698097,34709709,60.544761,61.997835,58.728418,59.939313,-0.605448,512
2017-04-18,246031,12386612,61.271298,61.634567,60.665851,60.78694,0.847627,219
2017-04-19,348041,17531355,60.484216,61.634567,60.423672,60.90803,0.12109,262
2017-04-20,454212,23151710,60.665851,62.482193,60.665851,61.150209,0.242179,346
2017-04-21,261221,13218724,61.150209,61.876746,60.90803,61.150209,0.0,212
2017-04-24,193440,9758720,61.029119,61.997835,60.665851,60.90803,-0.242179,166
2017-04-25,254034,12724234,61.150209,61.513477,60.242037,60.544761,-0.363269,232
2017-04-26,860291,44635258,60.90803,64.298536,60.544761,63.45091,2.906149,636
2017-04-27,505012,26131924,63.087641,63.814178,62.118925,62.966552,-0.484358,298
2017-04-28,1160317,61790418,63.935268,65.630521,62.845462,65.630521,2.663969,670
2017-05-02,2904610,161446729,67.446864,68.173401,65.99379,66.962506,1.331985,1704
2017-05-03,933064,50891622,67.567953,67.567953,65.025073,65.025073,-1.937433,563
2017-05-04,462003,24603059,65.99379,65.99379,63.693089,64.540715,-0.484358,353
2017-05-05,269002,14343906,64.540715,65.509432,63.935268,63.935268,-0.605447,197
2017-05-08,286002,15079704,64.661805,64.661805,63.208731,63.208731,-0.726537,189
2017-05-09,466000,24193600,63.814178,64.056357,61.876746,61.997835,-1.210896,309
2017-05-10,533200,27590300,62.118925,64.177447,61.029119,64.177447,2.179612,375
2017-05-11,496001,25690955,64.177447,64.177447,61.755656,62.361104,-1.816343,355
2017-05-12,305175,15822746,62.361104,63.45091,62.361104,62.603283,0.242179,194
2017-05-15,261000,13491000,62.724372,63.087641,61.755656,62.603283,0.0,189
2017-05-16,244001,12643754,63.087641,63.32982,62.482193,62.603283,0.0,155
2017-05-17,686000,36100800,62.845462,64.661805,62.845462,63.935268,1.331985,444
2017-05-18,426001,22048152,63.208731,63.208731,62.118925,62.845462,-1.089806,248
2017-05-19,177316,9232164,63.45091,63.571999,62.845462,63.087641,0.242179,142
2017-05-22,251457,13132324,62.966552,63.935268,62.845462,63.087641,0.0,174
2017-05-23,688859,36628368,63.571999,65.267252,63.208731,63.208731,0.12109,421
2017-05-24,255000,13331200,63.32982,63.935268,62.845462,62.845462,-0.363269,159
2017-05-25,919070,48612053,63.087641,64.782894,63.087641,63.45091,0.605448,501
2017-05-26,210051,10979603,63.45091,63.693089,63.087641,63.087641,-0.363269,139
2017-05-31,340005,17635055,63.32982,64.177447,61.876746,62.361104,-0.726537,193
2017-06-01,303951,15639195,62.240014,63.208731,61.876746,62.361104,0.0,198
2017-06-02,303101,15723140,62.361104,63.208731,62.361104,62.845462,0.484358,190
2017-06-03,294201,15246552,62.966552,63.087641,62.361104,62.966552,0.12109,195
2017-06-05,777050,40981832,63.208731,64.419626,63.087641,64.177447,1.210895,489
2017-06-06,415002,21700804,64.177447,64.177447,62.845462,62.845462,-1.331985,234
2017-06-07,208000,10767600,62.603283,63.45091,62.482193,62.603283,-0.242179,146
2017-06-08,170061,8800755,62.603283,63.208731,62.361104,62.482193,-0.12109,134
2017-06-09,453001,23566651,62.724372,63.571999,62.240014,62.603283,0.12109,228
2017-06-12,357000,18462500,62.724372,63.571999,61.755656,61.997835,-0.605448,239
2017-06-13,185100,9469350,61.755656,62.361104,61.755656,61.755656,-0.242179,128
2017-06-14,675443,33878588,61.997835,62.361104,59.939313,60.302582,-1.453074,439
2017-06-15,401099,19899450,60.302582,61.271298,58.849508,60.060403,-0.242179,296
2017-06-16,169002,8421750,60.78694,60.78694,59.697134,60.78694,0.726537,136
2017-06-19,2225544,118961532,60.78694,66.114879,60.78694,64.298536,3.511596,1687
2017-06-20,666041,35213546,64.419626,65.267252,63.32982,63.693089,-0.605447,504
2017-06-21,484370,25592175,63.935268,64.661805,63.32982,63.32982,-0.363269,347
2017-06-22,360056,18930442,63.571999,64.298536,63.32982,63.693089,0.363269,235
2017-06-23,241079,12638415,64.056357,64.177447,63.208731,63.571999,-0.12109,161
2017-06-26,356050,18595384,63.571999,63.935268,62.845462,63.087641,-0.484358,236
2017-06-27,322052,16682772,63.087641,63.087641,62.482193,62.603283,-0.484358,177
2017-06-28,252017,12886075,62.482193,62.482193,61.755656,61.755656,-0.847627,170
2017-06-29,524000,27570000,65.388342,65.388342,62.361104,62.482193,0.726537,377
2017-06-30,170044,8740463,61.997835,62.845462,61.997835,62.118925,-0.363268,129
2017-07-03,319000,16470100,62.118925,63.208731,61.997835,62.361104,0.242179,191
2017-07-04,200425,10340775,62.966552,62.966552,61.997835,61.997835,-0.363269,143
2017-07-05,153661,7898676,61.997835,62.482193,61.997835,62.240014,0.242179,108
2017-07-06,130085,6680652,62.724372,62.724372,61.997835,62.361104,0.12109,90
2017-07-07,123003,6304953,62.118925,62.361104,61.876746,61.876746,-0.484358,86
2017-07-10,225003,11443853,61.392388,61.997835,61.271298,61.392388,-0.484358,147
2017-07-11,1371394,72445422,64.056357,64.661805,63.087641,63.571999,2.179611,915
2017-07-12,252736,13239443,63.571999,63.935268,63.087641,63.45091,-0.121089,203
2017-07-13,383024,19988449,63.571999,63.814178,62.845462,63.087641,-0.363269,260
2017-07-14,283003,14713256,63.571999,63.571999,62.724372,63.45091,0.363269,171
2017-07-17,336509,17538963,63.45091,63.693089,62.845462,62.966552,-0.484358,159
2017-07-18,280252,14501003,62.724372,62.845462,62.482193,62.482193,-0.484359,190
2017-07-19,495085,25805585,62.724372,63.814178,62.361104,62.966552,0.484359,280
2017-07-20,4642834,253816316,63.32982,68.173401,63.208731,66.599237,3.632685,2941
2017-07-21,1402587,75799261,65.99379,66.357058,64.782894,65.025073,-1.574164,803
2017-07-24,491322,26599054,65.025073,66.357058,65.025073,65.509432,0.484359,308
2017-07-25,1010501,55278152,65.630521,66.962506,65.509432,66.357058,0.847626,596
2017-07-26,3754751,211743903,66.720327,69.263207,66.720327,68.899938,2.54288,2221
2017-07-27,10728640,650569965,70.110833,75.196593,70.110833,74.227877,5.327939,6430
2017-07-28,4207976,255858474,74.227877,75.075504,72.048266,72.048266,-2.179611,2626
2017-07-31,3996575,245457731,73.138072,75.317683,72.048266,74.348967,2.300701,2554
2017-08-01,1695168,104056315,74.833325,74.954414,73.62243,74.348967,0.0,1087
2017-08-02,4205720,262214820,75.075504,76.891847,73.743519,73.743519,-0.605448,2686
2017-08-03,1882151,113765313,74.470056,74.470056,72.169355,72.532624,-1.210895,1193
2017-08-04,1122551,68261553,72.653713,74.470056,72.653713,73.380251,0.847627,751
2017-08-07,4663500,293649600,74.348967,77.255115,73.864609,75.923131,2.54288,2733
2017-08-08,2768220,173436394,76.407489,77.981653,73.743519,75.196593,-0.726538,1766
2017-08-09,1917600,119025635,74.712235,77.134026,73.985698,74.106788,-1.089805,1205
2017-08-10,4361326,251358556,71.806087,72.411534,67.810133,67.810133,-6.296655,2553
2017-08-11,1132402,64013014,67.810133,69.263207,67.810133,69.021028,1.210895,706
2017-08-14,1342303,73782062,68.41558,68.657759,65.388342,65.388342,-3.632686,834
2017-08-15,799150,43823819,67.204685,67.446864,65.630521,66.235969,0.847627,446
2017-08-16,442130,24344850,66.599237,67.204685,65.99379,66.478148,0.242179,295
2017-08-17,719052,40067296,66.599237,68.41558,66.599237,67.446864,0.968716,488
2017-08-18,441334,24392301,66.720327,68.294491,65.8727,67.083595,-0.363269,308
2017-08-21,762050,42658800,67.204685,68.657759,66.720327,67.567953,0.484358,460
2017-08-22,2748607,162477587,69.505386,73.259161,69.021028,70.231923,2.66397,1836
2017-08-23,1573035,91596098,70.353013,72.169355,69.021028,69.142117,-1.089806,1057
2017-08-24,970343,56108762,69.989744,70.95846,69.021028,70.95846,1.816343,590
2017-08-25,705089,41121862,71.442818,71.442818,70.231923,70.231923,-0.726537,460
2017-08-28,598232,34669113,70.231923,70.95846,69.747565,69.868654,-0.363269,352
2017-08-29,509322,29354310,69.868654,70.231923,69.384296,69.747565,-0.121089,317
2017-08-30,486150,28124529,70.358314,71.213364,70.358314,70.480464,0.732899,334
2017-08-31,522350,30388622,71.091213,71.457663,70.602614,70.724763,0.244299,343
2017-09-01,839100,48701859,71.335513,71.824112,70.358314,70.358314,-0.366449,479
2017-09-04,865102,49237581,70.358314,70.480464,68.403917,69.136816,-1.221498,555
2017-09-05,441053,25033394,69.381116,70.114015,68.648217,69.503265,0.366449,305
2017-09-06,359250,20293571,69.503265,69.625415,68.648217,68.648217,-0.855048,247
2017-09-07,1172068,67671768,69.381116,71.457663,69.381116,69.625415,0.977198,715
2017-09-08,506051,29278258,70.480464,71.213364,69.747565,70.969064,1.343649,355
2017-09-11,681327,39602966,71.579813,71.579813,70.480464,70.724763,-0.244301,454
2017-09-12,2822640,169093832,70.846914,74.14496,70.846914,73.28991,2.565147,1711
2017-09-13,2543150,154264100,73.90066,75.244308,73.28991,73.28991,0.0,1551
2017-09-14,1165248,69230779,73.28991,73.778511,72.068412,72.190562,-1.099348,732
2017-09-15,1169001,69796859,72.312712,73.778511,72.190562,72.312712,0.12215,744
2017-09-18,1153005,68520695,73.28991,73.534211,71.701963,71.946263,-0.366449,665
2017-09-19,1788485,107260510,73.167761,74.755709,72.190562,72.679162,0.732899,1141
2017-09-20,2453863,148753338,73.778511,75.000009,73.167761,74.02281,1.343648,1556
2017-09-21,9307248,584324743,74.02281,78.298055,73.412061,77.931605,3.908795,5380
2017-09-22,3898138,242758658,76.832257,77.687305,74.511409,74.755709,-3.175896,2487
2017-09-25,3133308,182977964,74.26711,74.877859,69.625415,69.869715,-4.885994,1930
2017-09-26,3105726,172167537,69.869715,70.846914,64.617271,65.71662,-4.153095,1906
2017-09-27,1310117,71128652,65.71662,67.182418,65.47232,65.96092,0.2443,890
2017-09-28,788280,43129502,66.449519,67.671017,66.205219,66.32737,0.36645,502
2017-09-29,664100,35832550,66.32737,66.693819,65.35017,65.71662,-0.61075,422
2017-09-30,604444,33347464,66.205219,67.793168,66.205219,67.793168,2.076548,392
2017-10-02,668020,37423640,68.281767,69.136816,67.426718,68.892516,1.099348,481
2017-10-03,2362025,135825007,70.846914,71.824112,68.526066,68.526066,-0.36645,1403
2017-10-05,607314,34280345,69.136816,69.747565,68.526066,68.770366,0.2443,383
2017-10-06,507264,28533536,69.503265,69.747565,68.403917,68.648217,-0.122149,320
2017-10-11,802001,45649356,70.602614,70.602614,68.770366,69.136816,0.488599,492
2017-10-12,457000,25906900,69.381116,69.747565,68.892516,69.381116,0.2443,324
2017-10-13,490533,27610659,69.625415,69.625415,68.403917,68.892516,-0.4886,321
2017-10-16,421307,23668192,69.136816,69.381116,68.403917,68.403917,-0.488599,298
2017-10-17,497000,27836000,69.136816,69.136816,67.548868,67.548868,-0.855049,339
2017-10-18,762120,42607384,67.548868,69.625415,67.548868,67.671017,0.122149,526
2017-10-19,344100,19159287,68.770366,68.770366,67.671017,67.671017,0.0,269
2017-10-20,351216,19478987,67.671017,68.281767,67.182418,68.037467,0.36645,262
2017-10-23,345402,19288949,68.526066,68.648217,68.037467,68.037467,0.0,225
2017-10-24,443005,24804980,68.526066,68.892516,67.548868,68.648217,0.61075,327
2017-10-25,500264,28044510,69.014666,69.381116,67.915317,67.915317,-0.7329,312
2017-10-26,364065,20145107,67.915317,68.159617,67.304568,67.304568,-0.610749,255
2017-10-27,728446,39644784,67.671017,67.793168,65.71662,65.71662,-1.587948,452
2017-10-30,526385,27990264,66.32737,66.449519,64.128672,64.495122,-1.221498,368
2017-10-31,374053,19971244,65.35017,65.838769,64.739421,65.47232,0.977198,267
2017-11-01,1267356,70704883,67.915317,68.892516,67.426718,67.548868,2.076548,762
2017-11-02,493000,27340600,68.403917,68.892516,67.060269,67.304568,-0.2443,309
2017-11-03,368100,19985480,67.304568,67.548868,65.47232,65.96092,-1.343648,242
2017-11-06,340350,18581200,66.205219,67.671017,66.08307,66.205219,0.244299,221
2017-11-07,299143,16221822,66.938118,67.060269,65.96092,66.08307,-0.122149,195
2017-11-08,233661,12714759,66.08307,66.815969,66.08307,66.571669,0.488599,178
2017-11-09,376000,20299200,66.815969,66.815969,65.47232,65.47232,-1.099349,247
2017-11-10,238251,12793228,65.47232,66.08307,64.739421,65.35017,-0.12215,170
2017-11-13,378250,20102023,66.205219,66.205219,64.617271,64.617271,-0.732899,236
2017-11-14,511020,27318472,64.739421,66.571669,64.372971,65.228021,0.61075,340
2017-11-15,269431,14255943,65.228021,65.228021,64.495122,64.617271,-0.61075,208
2017-11-16,228266,12058112,64.617271,64.739421,64.128672,64.495122,-0.122149,169
2017-11-17,258200,13713035,64.617271,65.35017,64.495122,64.739421,0.244299,154
2017-11-20,366425,19575780,64.739421,65.96092,64.372971,65.96092,1.221499,230
2017-11-21,525003,28469462,66.205219,66.693819,65.59447,66.693819,0.732899,327
2017-11-22,386012,20897448,66.693819,66.693819,65.59447,66.32737,-0.366449,247
2017-11-23,389070,20898950,66.32737,66.449519,65.35017,65.71662,-0.61075,244
2017-11-24,383202,20482106,66.08307,66.08307,64.739421,64.739421,-0.977199,220
2017-11-27,464024,24403654,64.861571,65.47232,63.884372,63.884372,-0.855049,301
2017-11-28,494375,25629474,64.250822,64.372971,62.907173,62.907173,-0.977199,310
2017-11-29,242532,12544637,64.128672,64.128672,62.907173,63.029323,0.12215,200
2017-11-30,373152,19296743,63.029323,63.517923,62.540723,63.151473,0.12215,197
2017-12-01,369002,18888802,63.273622,63.884372,62.052124,63.029323,-0.12215,199
2017-12-04,179005,9214555,63.029323,63.273622,62.540723,63.273622,0.244299,116
2017-12-05,280095,14371145,63.273622,63.273622,62.174274,62.296424,-0.977198,172
2017-12-06,515274,25824966,62.296424,62.296424,60.708476,60.708476,-1.587948,334
2017-12-07,481035,23388206,60.952776,61.01385,58.631929,59.242678,-1.465798,299
2017-12-08,545632,26422108,58.998378,60.647401,58.387629,60.647401,1.404723,343
2017-12-11,306000,15440700,61.563525,61.929975,61.197076,61.929975,1.282574,183
2017-12-12,293186,14818786,62.296424,62.418574,61.197076,61.685675,-0.2443,158
2017-12-13,193003,9687150,61.685675,62.052124,61.074926,61.441375,-0.2443,140
2017-12-14,217384,11012567,62.785023,62.785023,61.319225,61.319225,-0.12215,153
2017-12-15,187086,9463332,62.174274,62.174274,61.441375,61.807825,0.4886,132
2017-12-18,738102,38777416,62.174274,65.228021,62.174274,64.250822,2.442997,464
2017-12-19,209006,10872712,64.983721,64.983721,63.151473,63.151473,-1.099349,152
2017-12-20,224020,11562931,63.029323,63.517923,62.785023,63.029323,-0.12215,120
2017-12-21,102140,5275679,63.151473,63.640072,62.540723,62.662874,-0.366449,91
2017-12-22,228110,11769174,62.662874,64.372971,62.418574,63.517923,0.855049,138
2017-12-25,151003,7800368,63.517923,63.517923,62.540723,62.662874,-0.855049,100
2017-12-26,206002,10474910,62.907173,63.151473,61.685675,61.807825,-0.855049,144
2017-12-27,174005,8765155,61.319225,62.052124,61.197076,61.441375,-0.36645,132
2017-12-28,201002,10142604,62.174274,62.174274,61.441375,61.441375,0.0,134
2017-12-29,203009,10165918,62.052124,62.052124,60.769551,61.074926,-0.366449,164
2018-01-02,195003,9785256,61.197076,61.563525,60.830626,61.563525,0.488599,132
2018-01-03,212132,10767917,61.685675,62.296424,61.563525,61.807825,0.2443,163
2018-01-04,576400,30026959,61.929975,64.739421,61.929975,63.762223,1.954398,373
2018-01-05,584001,30637152,64.250822,64.495122,63.395773,64.250822,0.488599,391
2018-01-08,332116,17485476,64.495122,64.739421,64.006522,64.006522,-0.2443,225
2018-01-09,519050,27602740,64.372971,66.449519,64.128672,64.495122,0.4886,355
2018-01-10,395004,20835916,64.861571,65.838769,63.762223,63.762223,-0.732899,256
2018-01-11,376100,19923339,64.617271,65.96092,63.762223,64.006522,0.244299,242
2018-01-12,417100,22104755,65.228021,65.228021,64.250822,64.250822,0.2443,230
2018-01-15,447103,23762708,64.495122,65.47232,64.495122,64.983721,0.732899,243
2018-01-16,1869096,101939404,65.838769,67.426718,65.228021,67.426718,2.442997,1211
2018-01-17,1556526,85671090,68.403917,68.526066,65.96092,65.96092,-1.465798,1052
2018-01-18,536043,28947203,65.47232,66.815969,65.47232,65.47232,-0.4886,369
2018-01-19,351401,18981971,65.47232,66.815969,65.47232,65.59447,0.12215,286
2018-01-22,340680,18157933,65.59447,65.96092,64.739421,64.861571,-0.732899,240
2018-01-23,488001,26062053,65.71662,65.71662,64.861571,64.983721,0.12215,296
2018-01-24,340025,18156125,65.71662,65.71662,64.861571,64.983721,0.0,256
2018-01-25,769072,41336929,65.47232,66.32737,65.10587,65.35017,0.366449,424
2018-01-26,280226,14964978,65.838769,65.838769,64.983721,64.983721,-0.366449,186
2018-01-29,210132,11195976,65.35017,65.59447,64.739421,65.10587,0.122149,152
2018-01-30,370283,19555442,65.47232,65.47232,64.128672,64.128672,-0.977198,192
2018-01-31,296310,15628930,64.250822,65.10587,63.640072,64.617271,0.488599,170
2018-02-01,2057005,112064365,64.617271,68.403917,64.250822,64.495122,-0.122149,1242
2018-02-02,328225,17361756,64.250822,65.10587,64.250822,64.372971,-0.122151,242
2018-02-05,382003,19730456,62.907173,63.640072,62.785023,62.907173,-1.465798,246
2018-02-06,861124,42034540,61.197076,61.685675,58.143329,58.937303,-3.96987,555
2018-02-07,321447,15896250,60.586326,60.769551,59.853427,59.853427,0.916124,218
2018-02-08,189009,9204118,59.975577,60.097727,59.242678,59.303753,-0.549674,136
2018-02-09,603004,27449562,53.68486,57.16613,53.68486,56.188931,-3.114822,367
2018-02-12,454001,20614046,54.967433,56.311082,54.967433,55.456032,-0.732899,267
2018-02-21,291849,13423868,55.822482,56.677531,55.578182,56.433231,0.977199,215
2018-02-22,248007,11453572,56.433231,56.860755,55.639257,56.799681,0.36645,149
2018-02-23,255572,12043156,57.41043,57.899029,57.16613,57.899029,1.099348,187
2018-02-26,233138,11012916,58.693003,58.693003,57.227205,57.227205,-0.671824,198
2018-02-27,182014,8535814,57.41043,57.654729,56.92183,56.92183,-0.305375,126
2018-03-01,165140,7635589,56.250007,56.92183,56.188931,56.799681,-0.122149,120
2018-03-02,124156,5762292,56.188931,57.227205,56.188931,56.799681,0.0,107
2018-03-05,363045,16681445,56.799681,56.799681,55.639257,55.639257,-1.160424,227
2018-03-06,119127,5474002,56.188931,56.616456,55.761407,55.761407,0.12215,93
2018-03-07,125021,5703348,56.127856,56.311082,55.456032,55.456032,-0.305375,106
2018-03-08,84014,3840344,56.311082,56.311082,55.639257,55.700332,0.2443,67
2018-03-09,130017,5988384,56.188931,56.494306,56.127856,56.372156,0.671824,104
2018-03-12,428219,20449172,59.181602,59.181602,57.77688,58.387629,2.015473,308
2018-03-13,233016,11104866,58.326554,58.815153,57.899029,57.899029,-0.4886,154
2018-03-14,86015,4070865,57.715805,57.899029,57.715805,57.77688,-0.122149,79
2018-03-15,103070,4904379,57.837955,58.387629,57.837955,58.143329,0.366449,84
2018-03-16,91016,4298682,57.77688,57.837955,57.53258,57.593655,-0.549674,84
2018-03-19,85052,4016300,58.143329,58.143329,57.53258,57.654729,0.061074,97
2018-03-20,67025,3165550,58.082255,58.143329,57.53258,57.654729,0.0,70
2018-03-21,108035,5082150,58.021179,58.082255,57.227205,57.28828,-0.366449,107
2018-03-22,113217,5319449,57.28828,57.899029,56.860755,56.860755,-0.427525,101
2018-03-23,265017,11980550,54.478834,55.761407,54.478834,55.211733,-1.649022,188
2018-03-26,103165,4685593,55.272808,56.066782,55.211733,55.394957,0.183224,96
2018-03-27,127015,5839535,58.021179,58.021179,55.700332,56.188931,0.793974,98
2018-03-28,69034,3166666,56.188931,56.799681,55.517108,55.639257,-0.549674,71
2018-03-29,79080,3606860,55.639257,56.433231,55.456032,55.639257,0.0,126
2018-03-30,237202,10751370,55.333882,55.883557,55.028508,55.089583,-0.549674,193
2018-03-31,1660271,79555338,56.555381,59.609128,56.433231,58.509779,3.420196,1126
2018-04-02,248007,11687007,57.77688,58.265479,56.982906,57.471505,-1.038274,191
2018-04-03,192001,8948501,56.799681,57.227205,56.555381,57.043981,-0.427524,116
2018-04-09,229001,10717701,57.043981,57.960104,56.372156,57.41043,0.366449,118
2018-04-10,197073,9140273,57.41043,57.41043,56.311082,56.433231,-0.977199,188
2018-04-11,148086,6863350,56.92183,56.92183,56.433231,56.494306,0.061075,186
2018-04-12,78078,3594304,55.944632,56.433231,55.944632,56.250007,-0.244299,126
2018-04-13,99623,4581955,56.250007,56.677531,55.944632,56.005707,-0.2443,103
2018-04-16,85024,3890926,55.822482,56.127856,55.822482,55.822482,-0.183225,93
2018-04-17,147050,6672918,55.578182,55.578182,55.272808,55.333882,-0.4886,110
2018-04-18,163000,7366200,55.333882,55.456032,54.967433,55.211733,-0.122149,96
2018-04-19,120002,5417298,55.211733,55.333882,55.028508,55.211733,0.0,98
2018-04-20,118000,5361150,55.211733,55.944632,55.211733,55.211733,0.0,90
2018-04-23,140027,6305215,55.211733,55.761407,54.845283,54.845283,-0.36645,125
2018-04-24,277101,12044207,54.539909,54.539909,52.402286,52.585511,-2.259772,190
2018-04-25,252011,10650619,51.913687,52.402286,51.302937,51.425088,-1.160423,169
2018-04-26,247001,10317495,51.486162,52.890886,49.59284,49.59284,-1.832248,150
2018-04-27,203000,8304050,49.59284,51.119713,48.859941,50.936488,1.343648,122
2018-04-30,237072,9876296,48.859941,54.417759,48.859941,52.280136,1.343648,168
2018-05-02,66008,2820244,52.280136,52.768735,51.730462,51.913687,-0.366449,57
2018-05-03,53036,2228715,51.913687,51.913687,50.753263,51.302937,-0.61075,56
2018-05-04,438243,17762680,49.470689,50.508963,48.921015,48.921015,-2.381922,287
2018-05-07,502003,19770020,48.921015,49.59284,47.516292,47.516292,-1.404723,317
2018-05-08,252001,9920889,47.638442,48.615641,47.516292,48.127042,0.61075,173
2018-05-09,174000,6907300,48.127042,49.22639,48.127042,48.371341,0.244299,123
2018-05-10,124000,4955850,48.798866,49.10424,48.493491,48.798866,0.427525,93
2018-05-11,141042,5586130,48.859941,48.859941,48.127042,48.127042,-0.671824,97
2018-05-14,136001,5413493,48.737791,48.859941,48.249191,48.737791,0.610749,86
2018-05-15,143002,5631232,48.493491,48.493491,47.882741,47.882741,-0.85505,83
2018-05-16,150001,5820943,47.394142,48.127042,47.027693,47.638442,-0.244299,108
2018-05-17,198000,7780100,47.210917,48.798866,47.149842,48.371341,0.732899,138
2018-05-18,161000,6435300,48.004892,49.34854,47.882741,48.615641,0.2443,117
2018-05-21,126000,5028700,48.737791,49.34854,48.249191,48.798866,0.183225,89
2018-05-22,75170,3025733,49.470689,49.470689,48.859941,49.34854,0.549674,64
2018-05-23,61000,2468000,49.714989,49.714989,49.043165,49.043165,-0.305375,52
2018-05-24,633695,26797685,49.837139,53.013035,49.22639,52.951961,3.908796,386
2018-05-25,2207401,101969055,55.333882,58.143329,54.417759,58.143329,5.191368,1337
2018-05-28,2292079,110937346,58.876229,59.853427,58.631929,59.303753,1.160424,1278
2018-05-29,1123001,54515398,59.609128,60.219876,58.754078,58.815153,-0.4886,600
2018-05-30,1358351,66641654,59.486977,61.074926,58.631929,58.631929,-0.183224,864
2018-05-31,1322216,61075883,58.082255,58.754078,55.089583,55.761407,-2.870522,781
2018-06-01,375040,17181620,55.456032,56.738606,55.333882,55.700332,-0.061075,247
2018-06-04,358100,16343660,55.822482,56.433231,55.456032,55.456032,-0.2443,221
2018-06-05,258008,11648310,55.822482,56.127856,54.967433,54.967433,-0.488599,173
2018-06-06,272132,12257002,55.517108,55.517108,54.478834,54.845283,-0.12215,172
2018-06-07,508098,23369436,54.967433,57.28828,54.845283,56.311082,1.465799,377
2018-06-08,319194,14543620,56.860755,56.92183,55.089583,55.333882,-0.9772,207
2018-06-11,410295,18143370,54.600983,54.662058,53.745935,53.745935,-1.587947,261
2018-06-12,404303,17540841,53.745935,53.745935,52.524436,52.585511,-1.160424,266
2018-06-13,245357,10593401,52.585511,53.07411,52.524436,52.585511,0.0,148
2018-06-14,266057,11340172,53.013035,53.013035,51.608312,51.608312,-0.977199,171
2018-06-15,143103,6041101,51.302937,51.730462,51.302937,51.608312,0.0,105
2018-06-19,186581,7893745,51.913687,52.463361,50.936488,50.936488,-0.671824,168
2018-06-20,338010,13847810,51.180788,51.791537,48.859941,50.508963,-0.427525,213
2018-06-21,137300,5621158,50.508963,50.936488,49.653915,49.837139,-0.671824,109
2018-06-22,183530,7397211,49.837139,49.837139,48.859941,49.653915,-0.183224,127
2018-06-25,121207,4865540,48.859941,49.59284,48.859941,48.921015,-0.7329,88
2018-06-26,110515,4410181,48.798866,48.921015,48.371341,48.615641,-0.305374,110
2018-06-27,213500,8636471,48.371341,50.692189,48.371341,49.653915,1.038274,176
2018-06-28,117003,4704670,49.59284,49.59284,48.859941,48.921015,-0.7329,86
2018-06-29,103303,4164165,48.921015,49.470689,48.921015,49.409615,0.4886,90
2018-07-02,76104,3080564,49.470689,49.837139,49.10424,49.10424,-0.305375,61
2018-07-03,161011,6436940,49.10424,49.653915,48.676715,48.737791,-0.366449,105
2018-07-04,161301,6362243,48.737791,48.737791,48.004892,48.249191,-0.4886,110
2018-07-05,99000,3920900,48.249191,48.737791,48.004892,48.127042,-0.122149,71
2018-07-06,99051,3923512,48.859941,49.34854,47.882741,48.249191,0.122149,72
2018-07-09,52033,2060920,48.371341,48.676715,47.821667,48.554566,0.305375,46
2018-07-10,121094,4787526,48.921015,48.921015,48.004892,48.127042,-0.427524,84
2018-07-11,153042,6032890,48.127042,48.798866,47.699517,47.699517,-0.427525,107
2018-07-12,71000,2792500,48.318188,49.308061,48.25632,48.936859,1.237342,46
2018-07-13,115042,4595484,49.246194,49.864864,48.998726,49.493662,0.556803,85
2018-07-16,68007,2734130,49.679263,50.112333,49.184327,49.741131,0.247469,62
2018-07-17,63054,2522369,49.617396,49.741131,49.369928,49.369928,-0.371203,53
2018-07-18,88000,3513050,49.184327,49.617396,49.12246,49.12246,-0.247468,72
2018-07-19,76064,3035660,50.112333,50.112333,49.060592,49.12246,0.0,55
2018-07-20,74010,2933793,49.369928,49.679263,48.380055,49.431795,0.309335,62
2018-07-23,65005,2552995,49.493662,49.493662,48.25632,48.318188,-1.113607,59
2018-07-24,61147,2393252,48.25632,48.68939,48.25632,48.68939,0.371202,47
2018-07-25,36354,1420470,48.751258,48.751258,48.25632,48.25632,-0.43307,42
2018-07-26,62129,2425631,48.627523,48.874991,48.070719,48.070719,-0.185601,53
2018-07-27,59004,2303052,48.627523,48.627523,48.132587,48.25632,0.185601,52
2018-07-30,131003,5067214,48.25632,48.25632,47.699517,47.699517,-0.556803,80
2018-07-31,65037,2527627,47.699517,48.318188,47.699517,48.194454,0.494937,50
2018-08-01,125004,4874806,48.194454,48.813124,47.946986,48.503788,0.309334,95
2018-08-02,123003,4785367,48.68939,48.813124,47.885118,47.885118,-0.61867,94
2018-08-03,50002,1953028,48.503788,48.68939,48.070719,48.380055,0.494937,43
2018-08-06,64550,2510321,48.627523,48.68939,47.885118,48.132587,-0.247468,64
2018-08-07,50019,1933172,48.132587,48.132587,47.699517,47.761384,-0.371203,61
2018-08-08,94394,3649440,47.761384,48.194454,47.761384,47.823251,0.061867,66
2018-08-09,29100,1125314,48.008852,48.008852,47.823251,47.823251,0.0,29
2018-08-10,58004,2234702,47.823251,47.823251,47.513915,47.513915,-0.309336,46
2018-08-13,325201,11962170,47.575783,47.575783,43.678157,44.66803,-2.845885,243
2018-08-14,208134,7343768,44.66803,44.66803,43.306954,43.863758,-0.804272,142
2018-08-15,227501,7850308,43.740024,44.544296,41.945879,41.945879,-1.917879,164
2018-08-16,301081,10105665,42.069613,42.069613,41.203474,41.327208,-0.618671,144
2018-08-17,202206,6914004,41.822144,43.245088,41.574676,41.822144,0.494936,162
2018-08-20,250420,8093849,41.822144,42.317081,38.728791,39.223727,-2.598417,235
2018-08-21,179010,5782570,39.223727,40.584803,39.223727,40.522936,1.299209,151
2018-08-22,94294,3064358,40.832271,40.832271,39.780531,39.780531,-0.742405,107
2018-08-23,52372,1680123,40.089867,40.2136,39.59493,39.59493,-0.185601,69
2018-08-24,217090,6724109,38.976259,39.471195,37.67705,38.357588,-1.237342,172
2018-08-27,113575,3587075,38.605057,39.533063,38.605057,39.099993,0.742405,75
2018-08-28,57006,1787536,39.409328,39.409328,38.233854,38.790658,-0.309335,46
2018-08-29,141206,4384686,38.605057,38.605057,38.357588,38.357588,-0.43307,88
2018-08-30,125917,3953527,39.099993,39.16186,38.481322,38.605057,0.247469,85
2018-08-31,78017,2453888,38.171987,39.59493,38.171987,39.347462,0.742405,66
2018-09-03,97074,3058308,39.471195,39.966132,38.54319,38.54319,-0.804272,67
2018-09-04,50143,1562717,38.357588,38.666923,38.357588,38.605057,0.061867,46
2018-09-05,85060,2682185,38.605057,39.223727,38.605057,39.038126,0.433069,68
2018-09-06,81071,2538491,38.976259,38.976259,38.419455,38.728791,-0.309335,57
2018-09-07,202009,6116311,38.790658,38.976259,36.315974,36.934645,-1.794146,164
2018-09-10,361101,10319320,36.377842,36.934645,33.655691,33.655691,-3.278954,249
2018-09-11,485084,13972900,33.779424,36.996513,33.717557,36.996513,3.340822,378
2018-09-12,1488063,47532864,39.099993,40.399202,38.233854,40.337335,3.340822,1074
2018-09-13,511076,16465035,40.584803,41.07974,39.223727,39.59493,-0.742405,352
2018-09-14,244553,7795521,39.59493,39.842398,39.16186,39.16186,-0.43307,185
2018-09-17,131030,4125230,39.409328,39.842398,38.481322,39.16186,0.0,134
2018-09-18,185205,5728802,38.728791,39.038126,37.986386,38.295721,-0.866139,133
2018-09-19,616790,20883110,39.099993,42.069613,39.099993,42.069613,3.773892,313
2018-09-20,961173,31562310,41.636543,41.636543,39.223727,39.656796,-2.412817,624
2018-09-21,572461,18772892,39.656796,41.389075,39.656796,40.151734,0.494938,431
2018-09-25,237104,7707246,40.708537,40.708537,39.842398,39.904266,-0.247468,157
2018-09-26,208110,6684245,39.842398,40.461068,39.223727,39.656796,-0.24747,139
2018-09-27,144007,4583031,39.656796,39.904266,39.16186,39.409328,-0.247468,111
2018-09-28,133010,4257270,39.533063,40.2136,39.16186,39.780531,0.371203,111
2018-10-01,305714,9955657,40.708537,40.832271,40.027999,40.151734,0.371203,244
2018-10-02,123017,3967994,40.151734,40.151734,39.656796,39.656796,-0.494938,112
2018-10-03,315008,9896406,39.966132,39.966132,38.110119,38.481322,-1.175474,223
2018-10-15,154414,5600803,35.183471,35.471074,34.656198,34.656198,-3.825124,127
2018-10-16,404800,13714928,31.732231,33.457851,31.732231,32.355372,-2.300826,341
2018-10-17,311650,10305320,32.595041,33.218182,30.72562,30.72562,-1.629752,246
2018-10-18,155704,4951358,30.677686,31.157025,30.198347,30.294215,-0.431405,126
2018-10-19,202604,6095370,29.814876,29.814876,28.13719,28.664463,-1.629752,219
2018-10-22,269597,8669151,28.664463,31.492562,28.616529,31.492562,2.828099,190
2018-10-23,356351,11685960,31.061157,32.355372,31.061157,31.109091,-0.383471,337
2018-10-24,69956,2273164,31.157025,31.444628,30.869421,31.109091,0.0,87
2018-10-25,131961,4109597,30.198347,30.677686,29.239669,29.335537,-1.773554,105
2018-10-26,127150,3892750,30.246281,30.246281,28.904132,29.143802,-0.191735,123
2018-10-29,69450,2118725,29.719008,29.719008,28.952066,29.047934,-0.095868,73
2018-10-30,148400,4359555,28.760331,29.095868,27.609917,28.424793,-0.623141,110
2018-10-31,85775,2625625,28.760331,29.814876,28.760331,29.719008,1.294215,84
2018-11-01,61376,1940099,29.335537,30.677686,29.335537,30.48595,0.766942,68
2018-11-02,102893,3304684,31.157025,31.157025,30.246281,30.246281,-0.239669,91
2018-11-05,81600,2551782,30.533884,30.581818,29.766942,29.86281,-0.383471,85
2018-11-06,65600,2054300,30.342149,30.533884,29.719008,29.719008,-0.143802,53
2018-11-07,29699,937312,29.719008,30.533884,29.719008,30.198347,0.479339,48
2018-11-08,30708,971464,30.533884,30.533884,30.102479,30.294215,0.095868,40
2018-11-09,61210,1941056,30.533884,30.581818,30.294215,30.390083,0.095868,43
2018-11-12,42399,1342987,29.910744,30.533884,29.910744,30.294215,-0.095868,32
2018-11-13,46201,1425974,29.239669,30.294215,29.239669,29.766942,-0.527273,56
2018-11-14,275700,9023860,30.677686,32.738843,30.246281,30.294215,0.527273,233
2018-11-15,46438,1490452,30.869421,31.157025,30.581818,30.773554,0.479339,87
2018-11-16,54494,1778474,30.965289,32.067769,30.965289,31.109091,0.335537,57
2018-11-19,141966,4715630,33.266116,33.266116,31.396694,31.396694,0.287603,100
2018-11-20,25749,844317,31.636364,31.636364,30.965289,31.013223,-0.383471,29
2018-11-21,28500,920273,30.677686,31.252893,30.677686,30.917355,-0.095868,29
2018-11-22,33500,1091518,31.540496,31.684298,31.013223,31.061157,0.143802,53
2018-11-23,69599,2261518,31.540496,31.58843,30.869421,30.869421,-0.191736,67
2018-11-26,46700,1507088,31.540496,31.540496,30.869421,31.109091,0.23967,72
2018-11-27,45400,1475255,31.300826,31.444628,31.061157,31.061157,-0.047934,52
2018-11-28,68833,2255204,31.34876,31.58843,31.109091,31.492562,0.431405,69
2018-11-29,87966,2907537,31.732231,32.019835,31.34876,31.34876,-0.143802,73
2018-11-30,61711,2047263,31.732231,31.876033,31.58843,31.732231,0.383471,53
2018-12-03,124122,4169087,32.355372,32.547107,31.876033,32.547107,0.814876,123
2018-12-04,580408,20695205,32.547107,35.66281,31.971901,34.464463,1.917356,420
2018-12-05,185833,6458984,33.649587,33.649587,32.834711,33.553719,-0.910744,144
2018-12-06,189135,6444562,33.553719,34.033058,31.780165,31.780165,-1.773554,159
2018-12-07,57412,1944857,32.595041,33.07438,31.971901,32.547107,0.766942,63
2018-12-10,63800,2146148,32.690909,32.786777,31.636364,32.403306,-0.143801,58
2018-12-11,87267,2999103,32.786777,33.745455,32.115702,33.170248,0.766942,85
2018-12-12,90912,3196120,33.361983,34.320661,33.170248,33.457851,0.287603,92
2018-12-13,178529,6351387,33.122314,34.512397,33.122314,34.512397,1.054546,145
2018-12-14,399510,14727927,34.943802,36.046281,34.560331,34.8,0.287603,253
2018-12-17,79640,2846472,34.512397,34.8,34.033058,34.128926,-0.671074,72
2018-12-18,71000,2520635,34.128926,34.608264,33.841322,33.841322,-0.287604,56
2018-12-19,101400,3592250,33.841322,34.512397,33.601653,33.601653,-0.239669,84
2018-12-20,120923,4120448,34.080992,34.080992,31.732231,31.828099,-1.773554,124
2018-12-21,26050,885459,31.923967,32.882645,31.923967,32.786777,0.958678,60
2018-12-22,26010,882726,32.595041,32.738843,32.21157,32.21157,-0.575207,34
2018-12-24,72017,2440678,32.403306,32.978512,32.307438,32.978512,0.766942,77
2018-12-25,86617,2924345,32.403306,32.978512,31.732231,32.403306,-0.575206,75
2018-12-26,61700,2081022,32.786777,32.786777,32.115702,32.163636,-0.23967,51
2018-12-27,86600,2996655,32.595041,33.841322,32.595041,33.841322,1.677686,70
2018-12-28,96244,3384340,33.361983,34.128926,32.978512,34.128926,0.287604,72
2019-01-02,127247,4613910,34.128926,35.471074,34.128926,34.512397,0.383471,136
2019-01-03,52211,1850785,34.320661,34.464463,33.553719,33.553719,-0.958678,58
2019-01-04,19640,683579,33.93719,33.93719,33.122314,33.218182,-0.335537,60
2019-01-07,25800,910789,33.745455,34.128926,33.697521,33.697521,0.479339,57
2019-01-08,8500,297808,34.033058,34.033058,33.31405,33.409917,-0.287604,36
2019-01-09,33190,1171631,33.889256,33.93719,33.457851,33.457851,0.047934,117
2019-01-10,18003,627036,33.553719,33.553719,33.170248,33.266116,-0.191735,53
2019-01-11,32638,1127592,33.266116,33.553719,32.786777,32.786777,-0.479339,68
2019-01-14,31500,1074631,33.457851,33.457851,32.403306,32.547107,-0.23967,97
2019-01-15,9617,325878,32.595041,32.595041,32.355372,32.595041,0.047934,28
2019-01-16,33728,1146003,32.690909,32.690909,32.499174,32.499174,-0.095867,61
2019-01-17,39891,1347715,32.499174,32.499174,32.355372,32.403306,-0.095868,66
2019-01-18,29054,984681,32.403306,32.978512,32.307438,32.45124,0.047934,82
2019-01-21,38300,1302161,33.170248,33.170248,32.45124,32.930579,0.479339,107
2019-01-22,17413,593745,32.930579,33.026446,32.499174,32.547107,-0.383472,57
2019-01-23,5780,195956,32.595041,32.595041,32.403306,32.547107,0.0,86
2019-01-24,41859,1410254,32.547107,32.595041,31.971901,32.115702,-0.431405,77
2019-01-25,40500,1365928,32.547107,32.547107,32.115702,32.403306,0.287604,92
2019-01-28,40335,1367685,32.403306,33.07438,32.403306,32.45124,0.047934,161
2019-01-29,31558,1067253,32.403306,32.547107,32.403306,32.403306,-0.047934,93
2019-01-30,55100,1865130,32.403306,32.882645,32.403306,32.403306,0.0,90
2019-02-11,76071,2575331,32.45124,33.026446,32.403306,32.403306,0.0,203
2019-02-12,132398,4479067,32.499174,32.690909,32.307438,32.403306,0.0,107
2019-02-13,80913,2742444,32.45124,32.738843,32.403306,32.45124,0.047934,96
2019-02-14,206300,7145605,32.355372,33.93719,32.355372,33.31405,0.86281,234
2019-02-15,83732,2856138,33.122314,33.122314,32.595041,32.642975,-0.671075,163
2019-02-18,82403,2803602,32.690909,32.978512,32.45124,32.45124,-0.191735,172
2019-02-19,55167,1889204,33.07438,33.07438,32.595041,32.595041,0.143801,119
2019-02-20,61392,2089978,33.026446,33.026446,32.547107,32.595041,0.0,145
2019-02-21,180700,6311408,32.595041,33.93719,32.595041,33.505785,0.910744,196
2019-02-22,38196,1321273,33.553719,33.553719,33.026446,33.026446,-0.479339,97
2019-02-25,53455,1832510,33.170248,33.170248,32.786777,32.882645,-0.143801,194
2019-02-26,50000,1725366,32.882645,33.649587,32.882645,32.882645,0.0,154
2019-02-27,30667,1042978,32.882645,32.882645,32.45124,32.690909,-0.191736,102
2019-03-04,38244,1294698,32.690909,32.786777,32.355372,32.403306,-0.287603,254
2019-03-05,27300,921664,32.21157,32.499174,32.21157,32.499174,0.095868,147
2019-03-06,30100,1016863,32.45124,32.499174,32.307438,32.307438,-0.191736,115
2019-03-07,148195,4989424,32.259504,33.409917,31.923967,31.923967,-0.383471,187
2019-03-08,28673,957097,31.923967,32.45124,31.828099,31.876033,-0.047934,132
2019-03-11,40600,1345590,31.876033,32.115702,31.636364,31.780165,-0.095868,206
2019-03-12,41176,1366208,32.019835,32.067769,31.684298,31.684298,-0.095867,125
2019-03-13,89965,2950061,31.540496,31.636364,31.157025,31.252893,-0.431405,173
2019-03-14,146481,4726456,31.013223,31.444628,30.773554,30.869421,-0.383472,210
2019-03-15,70401,2249899,31.109091,31.109091,30.48595,30.581818,-0.287603,125
2019-03-18,89500,2865802,30.677686,30.869421,30.581818,30.677686,0.095868,252
2019-03-19,39252,1261700,30.965289,31.061157,30.533884,30.533884,-0.143802,129
2019-03-20,88772,2816132,30.869421,30.869421,29.719008,30.342149,-0.191735,168
2019-03-21,62197,1987404,30.342149,30.965289,30.198347,30.869421,0.527272,109
2019-03-22,251071,8261077,30.965289,32.307438,30.869421,31.109091,0.23967,218
2019-03-25,96886,3058151,31.061157,31.061157,29.910744,30.006612,-1.102479,214
2019-03-26,78300,2425634,29.431405,30.48595,29.431405,29.575207,-0.431405,211
2019-03-27,32800,1022425,30.006612,30.150413,29.766942,29.814876,0.239669,111
2019-03-28,109398,3311942,29.239669,29.431405,28.904132,28.952066,-0.86281,210
2019-03-29,36900,1117551,28.952066,29.239669,28.952066,29.143802,0.191736,107
2019-04-01,64022,1962848,29.143802,29.62314,29.143802,29.335537,0.191735,176
2019-04-02,98749,3059276,29.335537,30.150413,29.335537,29.719008,0.383471,131
2019-04-03,54218,1671662,29.719008,29.719008,29.431405,29.575207,-0.143801,88
2019-04-08,56300,1752904,29.719008,30.054545,29.719008,29.86281,0.287603,229
2019-04-09,63599,1994914,29.958678,30.246281,29.958678,30.006612,0.143802,157
2019-04-10,37153,1158700,29.766942,30.150413,29.766942,29.86281,-0.143802,88
2019-04-11,68632,2121998,29.86281,30.006612,29.287603,29.383471,-0.479339,173
2019-04-12,46651,1430057,29.383471,29.527273,29.287603,29.335537,-0.047934,91
2019-04-15,91983,2885570,30.198347,30.533884,29.766942,30.102479,0.766942,95
2019-04-16,142234,4518010,30.102479,30.965289,30.054545,30.581818,0.479339,140
2019-04-17,336764,11036188,30.965289,31.732231,30.965289,31.444628,0.86281,273
2019-04-18,280639,9255836,31.540496,32.403306,30.677686,30.677686,-0.766942,239
2019-04-19,83874,2691080,31.636364,31.636364,30.150413,30.150413,-0.527273,87
2019-04-22,45693,1448609,30.533884,30.581818,30.294215,30.294215,0.143802,89
2019-04-23,64804,2045451,30.150413,30.677686,29.958678,30.006612,-0.287603,63
2019-04-24,39474,1235615,30.054545,30.48595,29.766942,29.766942,-0.23967,47
2019-04-25,43447,1349207,30.006612,30.006612,29.62314,29.719008,-0.047934,46
2019-04-26,14500,448143,29.62314,29.719008,29.62314,29.62314,-0.095868,24
2019-04-29,83511,2535129,29.239669,29.527273,29.0,29.047934,-0.575206,62
2019-04-30,10718,325101,29.047934,29.383471,29.047934,29.383471,0.335537,23
2019-05-02,40793,1242173,29.383471,29.383471,29.0,29.047934,-0.335537,35
2019-05-03,51001,1553780,29.047934,29.431405,29.0,29.191736,0.143802,42
2019-05-06,85005,2562450,29.191736,29.191736,28.760331,29.143802,-0.047934,55
2019-05-07,118800,3700957,29.479339,30.390083,29.479339,30.390083,1.246281,93
2019-05-08,380802,12353000,29.910744,31.876033,29.814876,30.581818,0.191735,271
2019-05-09,289878,9366109,31.157025,31.300826,30.48595,31.157025,0.575207,203
2019-05-10,135096,4336860,31.157025,31.444628,30.246281,30.773554,-0.383471,99
2019-05-13,122483,3819835,31.061157,31.061157,28.952066,28.952066,-1.821488,90
2019-05-14,260897,7610578,27.993388,28.712397,27.130579,27.705785,-1.246281,153
2019-05-15,130301,3760083,27.322314,28.233058,27.322314,28.13719,0.431405,97
2019-05-16,71517,2073661,28.13719,28.233058,27.609917,27.753719,-0.383471,58
2019-05-17,38348,1109017,28.328926,28.328926,27.370248,27.370248,-0.383471,36
2019-05-20,56806,1621051,27.322314,27.657851,27.226446,27.226446,-0.143802,33
2019-05-21,39776,1135902,27.370248,27.609917,27.226446,27.370248,0.143802,40
2019-05-22,22540,647716,27.801653,27.801653,27.418182,27.51405,0.143802,28
2019-05-23,49240,1381576,27.226446,27.226446,26.795041,26.890909,-0.623141,53
2019-05-24,18771,531938,26.747107,27.466116,26.747107,26.842975,-0.047934,22
2019-05-27,15269,426958,27.034711,27.226446,26.65124,26.842975,0.0,14
2019-05-28,89000,2439150,26.842975,26.842975,25.884298,26.363636,-0.479339,75
2019-05-29,23036,630082,25.980165,26.363636,25.980165,26.363636,0.0,31
2019-05-30,817601,23169554,26.363636,28.568595,26.267769,27.609917,1.246281,269
2019-05-31,85202,2446993,27.609917,27.801653,27.27438,27.753719,0.143802,68
2019-06-03,25200,715879,27.322314,27.609917,27.082645,27.178512,-0.575207,23
2019-06-04,45317,1271426,26.842975,27.178512,26.842975,26.842975,-0.335537,41
2019-06-05,39153,1101334,27.082645,27.322314,26.747107,26.842975,0.0,40
2019-06-06,21680,601234,26.555372,26.842975,26.41157,26.41157,-0.431405,23
2019-06-10,16501,458520,26.842975,26.842975,26.555372,26.555372,0.143802,32
2019-06-11,19096,531608,26.555372,26.842975,26.555372,26.65124,0.095868,21
2019-06-12,81233,2310335,26.842975,27.801653,26.842975,27.705785,1.054545,66
2019-06-13,42902,1215144,27.801653,27.801653,27.082645,27.130579,-0.575206,48
2019-06-14,17170,489110,27.226446,27.370248,27.226446,27.322314,0.191735,19
2019-06-17,34700,978287,26.842975,27.322314,26.842975,27.226446,-0.095868,37
2019-06-18,43000,1204846,27.034711,27.178512,26.747107,26.890909,-0.335537,36
2019-06-19,39707,1116173,27.034711,27.034711,26.842975,26.842975,-0.047934,39
2019-06-20,47438,1337803,26.938843,27.130579,26.890909,27.130579,0.287604,44
2019-06-21,36894,1041068,27.27438,27.27438,26.890909,26.938843,-0.191736,48
2019-06-24,15100,424278,26.938843,27.034711,26.938843,26.938843,0.0,26
2019-06-25,28100,787104,27.082645,27.082645,26.65124,26.65124,-0.287603,34
2019-06-26,30000,831749,26.795041,26.842975,26.363636,26.603306,-0.047934,34
2019-06-27,27508,765739,26.842975,27.034711,26.555372,26.603306,0.0,36
2019-06-28,61502,1740830,27.466116,27.466116,26.890909,26.890909,0.287603,47
2019-07-01,38100,1071490,26.890909,27.082645,26.890909,26.938843,0.047934,33
2019-07-02,41100,1165463,27.322314,27.322314,27.082645,27.178512,0.239669,40
2019-07-03,38701,1088616,26.890909,27.226446,26.890909,26.890909,-0.287603,37
2019-07-04,184601,5334607,27.034711,28.280992,26.986777,28.280992,1.390083,144
2019-07-05,79507,2333053,28.280992,28.472727,27.753719,28.280992,0.0,69
2019-07-08,74422,2169871,28.280992,28.280992,27.801653,28.185124,-0.095868,48
2019-07-09,54989,1604627,27.945455,28.280992,27.801653,28.089256,-0.095868,40
2019-07-10,84800,2463400,27.993388,27.993388,27.609917,27.993388,-0.095868,45
2019-07-11,290100,8765419,28.280992,29.719008,28.280992,29.143802,1.150414,183
2019-07-12,340483,10649063,29.335537,30.581818,29.191736,29.719008,0.575206,248
2019-07-15,95600,2921650,29.910744,29.910744,28.952066,28.952066,-0.766942,82
2019-07-16,110900,3312134,28.904132,28.904132,28.37686,28.568595,-0.383471,75
2019-07-17,56021,1670422,28.472727,28.904132,28.37686,28.472727,-0.095868,35
2019-07-18,19849,590242,28.568595,28.664463,28.424793,28.424793,-0.047934,33
2019-07-19,43300,1286277,28.568595,28.568595,28.424793,28.472727,0.047934,33
2019-07-22,54611,1625874,28.568595,28.664463,28.472727,28.472727,0.0,41
2019-07-23,52000,1546900,28.616529,28.760331,28.424793,28.424793,-0.047934,41
2019-07-24,108000,3240299,28.472727,28.952066,28.424793,28.712397,0.287604,62
2019-07-25,386657,11769250,28.616529,29.575207,28.616529,29.383471,0.671074,179
2019-07-26,99900,3049521,29.335537,29.479339,29.0,29.191736,-0.191735,77
2019-07-29,33974,1026215,29.143802,29.143802,28.808264,28.856198,-0.335538,40
2019-07-30,100599,3016640,28.856198,28.856198,28.568595,28.664463,-0.191735,54
2019-07-31,32585,969234,28.664463,28.664463,28.424793,28.520661,-0.143802,33
2019-08-01,52600,1562498,28.472727,28.664463,28.424793,28.472727,-0.047934,30
2019-08-02,89430,2595539,27.993388,28.089256,27.705785,27.705785,-0.766942,65
2019-08-05,56979,1639398,28.233058,28.233058,27.418182,27.51405,-0.191735,47
2019-08-06,74700,2113428,27.322314,27.51405,26.938843,27.418182,-0.095868,62
2019-08-07,44003,1274934,27.801653,28.041322,27.370248,27.753719,0.335537,27
2019-08-08,44301,1288532,27.849587,27.993388,27.753719,27.801653,0.047934,31
2019-08-12,86800,2498320,27.801653,27.801653,27.322314,27.705785,-0.095868,50
2019-08-13,25700,734210,27.609917,27.609917,27.322314,27.322314,-0.383471,21
2019-08-14,87747,2480664,27.27438,27.705785,26.842975,26.842975,-0.479339,55
2019-08-15,329339,8611442,25.54876,25.54876,24.590083,25.165289,-1.677686,226
2019-08-16,74510,1970682,25.500826,25.596694,25.117355,25.261157,0.095868,71
2019-08-19,58700,1561747,26.076033,26.076033,25.261157,25.596694,0.335537,52
2019-08-20,36368,965013,25.357025,25.596694,25.357025,25.500826,-0.095868,36
2019-08-21,22610,602325,25.500826,25.596694,25.500826,25.500826,0.0,27
2019-08-22,35200,935500,25.500826,25.596694,25.404959,25.404959,-0.095867,32
2019-08-23,26417,705398,25.54876,25.980165,25.452893,25.452893,0.047934,29
2019-08-26,26811,710340,25.452893,25.596694,25.261157,25.404959,-0.047934,20
2019-08-27,100807,2634115,25.404959,25.404959,24.733884,24.92562,-0.479339,79
2019-08-28,39709,1039701,24.92562,25.261157,24.92562,25.213223,0.287603,41
2019-08-29,88300,2293483,25.021488,25.021488,24.781818,24.92562,-0.287603,63
2019-08-30,64359,1670455,24.877686,25.165289,24.733884,24.973554,0.047934,65
2019-09-02,50250,1306219,25.021488,25.069421,24.733884,24.829752,-0.143802,46
2019-09-03,101951,2619245,24.829752,24.829752,24.446281,24.494215,-0.335537,86
2019-09-04,58032,1483512,24.350413,24.781818,24.302479,24.781818,0.287603,53
2019-09-05,47381,1227070,24.733884,25.117355,24.590083,24.733884,-0.047934,43
2019-09-06,61581,1586647,24.781818,24.92562,24.494215,24.638017,-0.095867,61
2019-09-09,71600,1826877,24.733884,24.733884,24.350413,24.446281,-0.191736,57
2019-09-10,54385,1378475,24.446281,24.446281,24.206612,24.254545,-0.191736,57
2019-09-11,169656,4231298,24.110744,24.158678,23.679339,23.775207,-0.479338,129
2019-09-12,171701,4187226,23.679339,23.679339,23.104132,23.439669,-0.335538,147
2019-09-16,54174,1318212,23.487603,23.775207,23.152066,23.295868,-0.143801,56
2019-09-17,116331,2743156,23.008264,23.008264,22.241322,22.720661,-0.575207,105
2019-09-18,738010,19003151,22.816529,24.973554,22.720661,24.973554,2.252893,410
2019-09-19,1760568,48555674,25.596694,27.178512,25.596694,26.699174,1.72562,1189
2019-09-20,435332,12004675,26.795041,26.938843,26.076033,26.555372,-0.143802,306
2019-09-23,329600,9287448,27.034711,27.466116,26.507438,26.603306,0.047934,225
2019-09-24,141666,3938450,26.41157,26.986777,26.41157,26.65124,0.047934,121
2019-09-25,733001,20370326,26.555372,26.938843,25.692562,26.363636,-0.287604,210
2019-09-26,163401,4465093,26.507438,26.603306,25.884298,25.932231,-0.431405,118
2019-09-27,83000,2225298,25.932231,25.932231,25.452893,25.740496,-0.191735,63
2019-10-01,132900,3533537,25.78843,25.78843,25.404959,25.404959,-0.335537,83
2019-10-02,182100,4821108,25.309091,25.500826,25.165289,25.213223,-0.191736,104
2019-10-03,488522,12984302,24.973554,25.836364,24.877686,25.404959,0.191736,166
2019-10-04,100849,2654624,25.404959,25.78843,24.92562,25.021488,-0.383471,75
2019-10-07,66640,1740622,24.92562,25.165289,24.92562,24.92562,-0.095868,54
2019-10-08,108150,2837150,24.92562,25.596694,24.733884,24.92562,0.0,66
2019-10-09,42900,1110037,24.92562,24.92562,24.733884,24.733884,-0.191736,37
2019-10-14,149400,3790700,24.638017,24.638017,24.158678,24.158678,-0.575206,109
2019-10-15,31297,785575,24.06281,24.254545,23.966942,24.06281,-0.095868,39
2019-10-16,41758,1051500,24.014876,24.350413,24.014876,24.254545,0.191735,44
2019-10-17,55181,1380464,24.206612,24.254545,23.919008,24.014876,-0.239669,41
2019-10-18,44778,1121117,23.966942,24.06281,23.966942,23.966942,-0.047934,35
2019-10-21,173181,4315985,23.966942,24.06281,23.631405,23.919008,-0.047934,97
2019-10-22,92759,2297018,23.919008,23.919008,23.583471,23.583471,-0.335537,81
2019-10-23,39429,974253,23.631405,23.871074,23.631405,23.727273,0.143802,36
2019-10-24,21941,549471,23.966942,24.398347,23.871074,24.110744,0.383471,30
2019-10-25,111400,2840209,24.302479,24.68595,24.254545,24.638017,0.527273,99
2019-10-28,93001,2393874,24.350413,24.92562,24.350413,24.446281,-0.191736,62
2019-10-29,51805,1318902,24.350413,24.733884,24.254545,24.68595,0.239669,49
2019-10-30,48662,1226031,24.254545,24.254545,24.110744,24.110744,-0.575206,45
2019-10-31,24201,607875,24.06281,24.158678,24.014876,24.06281,-0.047934,20
2019-11-01,84272,2086164,23.871074,24.158678,23.631405,23.775207,-0.287603,63
2019-11-04,43100,1066701,23.631405,23.966942,23.631405,23.775207,0.0,41
2019-11-05,49712,1235854,23.727273,23.966942,23.727273,23.966942,0.191735,42
2019-11-06,56563,1399263,24.158678,24.158678,23.535537,23.535537,-0.431405,51
2019-11-07,32900,807900,23.439669,23.679339,23.439669,23.487603,-0.047934,30
2019-11-08,66800,1638036,23.535537,23.727273,23.391736,23.391736,-0.095867,48
2019-11-11,39520,967032,23.487603,23.679339,23.391736,23.391736,0.0,35
2019-11-12,29163,711350,23.391736,23.487603,23.295868,23.487603,0.095867,20
2019-11-13,48718,1173382,22.864463,23.391736,22.816529,23.104132,-0.383471,48
2019-11-14,90267,2156061,23.008264,23.104132,22.768595,22.864463,-0.239669,67
2019-11-15,112320,2758805,23.966942,23.966942,23.247934,23.631405,0.766942,91
2019-11-18,57049,1382915,23.583471,23.583471,23.2,23.247934,-0.383471,51
2019-11-19,53890,1296267,23.487603,23.487603,22.912397,23.056198,-0.191736,52
2019-11-20,8504,204366,23.008264,23.056198,23.008264,23.056198,0.0,15
2019-11-21,34324,831392,23.056198,23.391736,23.056198,23.104132,0.047934,27
2019-11-22,66128,1592746,23.104132,23.152066,23.008264,23.008264,-0.095868,39
2019-11-25,60115,1444860,23.008264,23.391736,22.912397,23.2,0.191736,52
2019-11-26,57700,1394280,23.295868,23.295868,23.056198,23.104132,-0.095868,35
2019-11-27,21300,513167,23.104132,23.295868,23.056198,23.104132,0.0,24
2019-11-28,93700,2270119,23.391736,23.391736,23.104132,23.247934,0.143802,47
2019-11-29,111100,2729485,23.343802,23.775207,23.247934,23.679339,0.431405,99
2019-12-02,655269,17673889,24.158678,26.028099,24.158678,26.028099,2.34876,322
2019-12-03,1348976,36727716,26.219835,26.699174,25.165289,25.261157,-0.766942,875
2019-12-04,210400,5459576,24.829752,25.213223,24.590083,25.165289,-0.095868,138
2019-12-05,132302,3443638,25.213223,25.309091,24.733884,24.733884,-0.431405,107
2019-12-06,96110,2504276,24.542149,25.213223,24.542149,24.829752,0.095868,76
2019-12-09,58040,1505774,24.92562,25.165289,24.638017,24.829752,0.0,50
2019-12-10,48601,1251914,24.446281,24.877686,24.446281,24.877686,0.047934,33
2019-12-11,85280,2197390,24.92562,25.069421,24.446281,24.494215,-0.383471,53
2019-12-12,98724,2529354,24.542149,24.733884,24.350413,24.590083,0.095868,71
2019-12-13,126522,3190597,24.494215,24.494215,24.06281,24.06281,-0.527273,77
2019-12-16,88400,2258257,24.158678,24.68595,24.158678,24.350413,0.287603,63
2019-12-17,73400,1862838,24.350413,24.494215,24.158678,24.254545,-0.095868,56
2019-12-18,25500,643272,24.158678,24.254545,24.158678,24.206612,-0.047933,27
2019-12-19,137629,3472647,24.254545,24.494215,23.871074,24.398347,0.191735,76
2019-12-20,1185845,32303877,25.117355,26.795041,25.117355,25.644628,1.246281,712
2019-12-23,244913,6601642,25.692562,26.219835,25.500826,25.596694,-0.047934,146
2019-12-24,48401,1283293,25.596694,25.596694,25.261157,25.404959,-0.191735,51
2019-12-25,92947,2484891,25.692562,25.836364,25.452893,25.596694,0.191735,66
2019-12-26,104900,2772338,25.692562,25.692562,25.213223,25.261157,-0.335537,75
2019-12-27,69403,1825144,25.261157,25.404959,25.021488,25.021488,-0.239669,56
2019-12-30,36522,954267,25.021488,25.165289,25.021488,25.069421,0.047933,35
2019-12-31,56759,1480756,25.069421,25.069421,24.92562,25.069421,0.0,38
2020-01-02,67800,1788878,25.069421,25.404959,25.069421,25.213223,0.143802,46
2020-01-03,67911,1771986,25.117355,25.117355,24.973554,25.021488,-0.191735,60
2020-01-06,58900,1518999,24.781818,24.829752,24.68595,24.68595,-0.335538,38
2020-01-07,114000,2913199,24.638017,24.638017,24.446281,24.638017,-0.047933,65
2020-01-08,239400,6284669,24.92562,26.028099,24.638017,24.638017,0.0,159
2020-01-09,63401,1639185,24.92562,25.165289,24.638017,24.68595,0.047933,43
2020-01-10,75173,1916423,24.590083,24.590083,24.350413,24.398347,-0.287603,58
2020-01-13,35700,921669,24.590083,24.877686,24.590083,24.733884,0.335537,27
2020-01-14,62745,1624363,24.638017,25.117355,24.638017,25.021488,0.287604,68
2020-01-15,55932,1463625,25.261157,25.261157,24.973554,25.165289,0.143801,67
2020-01-16,99167,2607026,24.92562,25.692562,24.92562,24.973554,-0.191735,111
2020-01-17,247450,6601477,25.069421,25.932231,25.021488,25.54876,0.575206,164
2020-01-20,384620,10475510,25.54876,26.363636,25.54876,26.363636,0.814876,289
2020-01-30,206000,5322444,25.54876,25.54876,24.110744,24.350413,-2.013223,155
2020-01-31,153840,3881351,24.014876,24.733884,23.871074,24.302479,-0.047934,127
2020-02-03,182000,4395353,23.104132,23.487603,22.624793,23.056198,-1.246281,156
2020-02-04,77700,1892828,23.008264,23.679339,23.008264,23.679339,0.623141,60
2020-02-05,86600,2121677,23.679339,23.679339,23.295868,23.487603,-0.191736,80
2020-02-06,64542,1584717,23.583471,23.727273,23.2,23.487603,0.0,57
2020-02-07,133538,3306869,23.727273,23.966942,23.487603,23.487603,0.0,98
2020-02-10,67676,1644482,23.056198,23.487603,23.056198,23.295868,-0.191735,74
2020-02-11,59000,1454534,23.487603,23.919008,23.295868,23.919008,0.62314,58
2020-02-12,1628990,44195671,24.590083,26.267769,24.590083,25.78843,1.869422,758
2020-02-13,350144,9140875,25.404959,25.692562,24.446281,24.638017,-1.150413,276
2020-02-14,64100,1655248,24.638017,24.877686,24.254545,24.829752,0.191735,77
2020-02-17,86933,2211035,24.446281,24.781818,24.254545,24.254545,-0.575207,121
2020-02-18,87938,2233052,24.254545,24.638017,24.06281,24.638017,0.383472,88
2020-02-19,74708,1943647,25.069421,25.069421,24.638017,25.069421,0.431404,103
2020-02-20,57527,1515302,25.404959,25.404959,25.117355,25.309091,0.23967,78
2020-02-21,1679060,47197486,25.213223,27.801653,25.069421,27.801653,2.492562,1018
2020-02-24,3087113,94529681,27.609917,30.581818,26.938843,30.581818,2.780165,2121
2020-02-25,2060331,65515561,30.054545,31.444628,29.239669,29.958678,-0.62314,1463
2020-02-26,898181,28256984,29.719008,30.821488,29.527273,30.390083,0.431405,697
2020-02-27,1213803,36202110,30.48595,30.581818,27.370248,27.370248,-3.019835,782
2020-03-02,385022,10893039,27.370248,27.801653,26.363636,26.603306,-0.766942,287
2020-03-03,526101,15068342,27.130579,28.13719,26.747107,27.082645,0.479339,370
2020-03-04,240443,6855003,27.082645,27.657851,26.986777,27.561983,0.479338,210
2020-03-05,640092,18723776,27.897521,29.239669,26.842975,26.842975,-0.719008,477
2020-03-06,370006,10442518,26.890909,27.801653,26.699174,26.842975,0.0,285
2020-03-09,277000,7725700,26.603306,27.322314,26.076033,26.076033,-0.766942,188
2020-03-10,191000,5131450,25.980165,26.123967,25.404959,25.884298,-0.191735,138
2020-03-11,213653,5847240,26.076033,26.65124,25.596694,26.219835,0.335537,172
2020-03-12,515849,13196311,25.78843,25.78843,23.631405,23.631405,-2.58843,277
2020-03-13,570028,12731810,21.282645,22.049587,21.282645,21.761983,-1.869422,316
2020-03-16,328000,7426889,21.761983,22.433058,21.282645,21.378512,-0.383471,222
2020-03-17,314218,6477223,20.132231,20.755372,19.269421,19.269421,-2.109091,227
2020-03-18,204015,4096965,19.413223,20.036364,18.214876,18.214876,-1.054545,153
2020-03-19,369591,6338766,17.831405,17.831405,16.393388,16.393388,-1.821488,206
2020-03-20,418800,7440688,16.77686,17.447934,16.680992,16.920661,0.527273,249
2020-03-23,227148,3748934,16.585124,16.585124,15.386777,15.818182,-1.102479,121
2020-03-24,253045,4459629,16.585124,17.4,16.489256,17.208264,1.390082,172
2020-03-25,290337,5435157,17.735537,18.454545,17.447934,17.687603,0.479339,188
2020-03-26,216900,3943666,17.687603,17.735537,17.064463,17.447934,-0.239669,185
2020-03-27,169020,3142893,17.783471,18.214876,17.304132,17.447934,0.0,357
2020-03-30,68801,1230118,16.920661,17.352066,16.920661,17.256198,-0.191736,288
2020-03-31,83792,1519956,17.352066,17.591736,17.256198,17.256198,0.0,248
2020-04-01,74100,1346244,16.968595,17.639669,16.968595,17.495868,0.23967,168
2020-04-06,86337,1569719,17.447934,17.543802,17.112397,17.495868,0.0,342
2020-04-07,109506,2053784,17.927273,18.454545,17.783471,17.831405,0.335537,199
2020-04-08,239301,4678743,17.975207,19.173554,17.975207,19.029752,1.198347,265
2020-04-09,401281,8246420,19.269421,20.467769,19.269421,19.317355,0.287603,372
2020-04-10,74482,1513989,19.940496,19.940496,19.173554,19.461157,0.143802,260
2020-04-13,154284,3084311,19.74876,19.74876,18.88595,18.88595,-0.575207,374
2020-04-14,145126,2912020,18.88595,19.461157,18.88595,19.221488,0.335538,358
2020-04-15,194560,4032778,19.461157,20.515702,19.461157,19.844628,0.62314,327
2020-04-16,69779,1426992,19.557025,20.084298,19.317355,20.084298,0.23967,73
2020-04-17,181006,3794520,20.276033,20.419835,19.74876,19.844628,-0.23967,120
2020-04-20,57601,1185580,20.132231,20.132231,19.652893,19.796694,-0.047934,42
2020-04-21,84742,1693262,19.700826,19.700826,18.981818,18.981818,-0.814876,56
2020-04-22,124500,2451224,18.88595,19.74876,17.927273,19.74876,0.766942,70
2020-04-23,160510,3295250,19.74876,20.276033,19.317355,19.844628,0.095868,134
2020-04-24,65000,1319300,19.557025,19.74876,19.317355,19.461157,-0.383471,62
2020-04-27,133913,2765601,19.652893,19.98843,19.557025,19.892562,0.431405,104
2020-04-28,58498,1207255,19.796694,19.940496,19.700826,19.940496,0.047934,50
2020-04-29,353776,7669894,19.98843,21.138843,19.98843,20.899174,0.958678,252
2020-04-30,168001,3692369,21.282645,21.47438,20.803306,21.186777,0.287603,124
2020-05-04,122250,2626372,20.61157,20.899174,20.515702,20.515702,-0.671075,80
2020-05-05,158404,3397543,20.899174,20.899174,20.419835,20.419835,-0.095867,102
2020-05-06,70079,1513533,20.61157,20.899174,20.61157,20.61157,0.191735,57
2020-05-07,70700,1525210,20.899174,20.899174,20.371901,20.707438,0.095868,63
2020-05-08,190517,4097508,20.755372,21.186777,20.419835,20.419835,-0.287603,110
2020-05-11,626552,13219918,20.180165,20.61157,19.700826,19.796694,-0.623141,298
2020-05-12,105042,2192520,19.844628,20.228099,19.844628,19.98843,0.191736,61
2020-05-13,133100,2768628,19.74876,20.180165,19.74876,20.132231,0.143801,69
2020-05-14,290018,5962960,20.132231,20.180165,19.077686,19.365289,-0.766942,166
2020-05-15,165200,3327450,19.557025,19.652893,19.173554,19.173554,-0.191735,106
2020-05-18,57643,1176088,19.173554,19.796694,19.173554,19.509091,0.335537,40
2020-05-19,85803,1749417,19.509091,19.652893,19.413223,19.652893,0.143802,53
2020-05-20,133584,2770935,19.461157,20.132231,19.461157,20.036364,0.383471,92
2020-05-21,897310,20052406,20.036364,22.001653,20.036364,22.001653,1.965289,496
2020-05-22,1637883,39834990,22.145455,23.775207,22.145455,23.487603,1.48595,993
2020-05-25,603036,14779316,23.487603,24.158678,23.008264,23.391736,-0.095867,421
2020-05-26,318051,7630156,23.391736,23.439669,22.816529,22.912397,-0.479339,176
2020-05-27,126902,3061760,22.720661,23.439669,22.720661,22.864463,-0.047934,112
2020-05-28,230801,5448001,22.864463,23.056198,22.097521,22.097521,-0.766942,123
2020-05-29,240101,5685407,22.049587,23.487603,22.049587,22.480992,0.383471,148
2020-06-01,97490,2285563,22.193388,22.864463,22.145455,22.528926,0.047934,63
2020-06-02,59724,1408913,22.528926,22.768595,22.480992,22.57686,0.047934,45
2020-06-03,152530,3577944,22.57686,22.768595,22.33719,22.480992,-0.095868,111
2020-06-04,79001,1838922,22.816529,22.816529,22.193388,22.33719,-0.143802,65
2020-06-05,49800,1168388,22.33719,22.720661,22.33719,22.720661,0.383471,50
2020-06-08,99502,2366243,22.960331,23.2,22.624793,22.912397,0.191736,66
2020-06-09,114800,2722209,22.816529,22.816529,22.624793,22.720661,-0.191736,67
2020-06-10,223490,5370431,22.912397,23.247934,22.768595,23.104132,0.383471,128
2020-06-11,427595,11331262,25.404959,25.404959,25.404959,25.404959,2.300827,184
2020-06-12,3229570,94007807,27.945455,27.945455,27.370248,27.945455,2.540496,1195
2020-06-15,6106394,190684754,29.431405,30.72562,28.37686,30.72562,2.780165,3227
2020-06-16,4663953,152993457,30.677686,32.738843,29.719008,31.923967,1.198347,2879
2020-06-17,2758855,92224759,31.971901,32.978512,30.965289,32.307438,0.383471,1802
2020-06-18,1533573,51707132,32.403306,32.978512,31.492562,32.978512,0.671074,932
2020-06-19,635033,24004226,36.238017,36.238017,36.238017,36.238017,3.259505,351
2020-06-22,3761092,149330046,39.833058,39.833058,36.238017,37.340496,1.102479,2180
2020-06-23,1290061,49400423,38.155372,38.155372,35.471074,36.813223,-0.527273,569
2020-06-24,562403,21350130,36.813223,36.813223,35.998347,35.998347,-0.814876,235
2020-06-29,470912,17857639,35.471074,37.38843,35.471074,36.046281,0.047934,244
2020-06-30,344890,13127031,37.196694,37.196694,36.28595,36.717355,0.671074,187
2020-07-01,739495,29804293,37.38843,39.11405,37.38843,38.730579,2.013224,422
2020-07-02,647223,26507393,38.347107,39.880992,38.347107,39.305785,0.575206,337
2020-07-03,637629,26407751,40.072727,40.216529,39.11405,39.641322,0.335537,338
2020-07-06,1095850,48191218,40.647934,43.571901,40.647934,43.571901,3.930579,391
2020-07-07,848145,39679865,46.016529,46.016529,44.05124,45.057851,1.48595,477
2020-07-08,672196,32075258,44.003306,46.495868,44.003306,46.447934,1.390083,385
2020-07-09,3830068,173271903,47.838017,47.838017,41.846281,41.846281,-4.601653,2041
2020-07-10,1359492,54359532,40.839669,40.839669,37.676033,37.676033,-4.170248,752
2020-07-13,3472347,128248314,35.950413,37.052893,34.033058,35.806612,-1.869421,2120
2020-07-14,2580275,94026925,35.950413,37.004959,33.553719,33.553719,-2.252893,1488
2020-07-15,1316990,46993450,34.128926,35.375207,33.553719,33.553719,0.0,921
2020-07-16,580160,20604533,33.93719,34.704132,33.649587,34.080992,0.527273,438
2020-07-17,1760679,62785886,34.8,35.66281,32.403306,32.595041,-1.485951,1117
2020-07-20,754302,24918457,32.163636,32.930579,31.157025,31.300826,-1.294215,463
2020-07-21,937523,31736832,32.115702,33.31405,32.019835,32.595041,1.294215,525
2020-07-22,643443,22318195,33.218182,33.841322,32.21157,33.841322,1.246281,446
2020-07-23,717344,25336335,34.464463,34.943802,33.31405,33.649587,-0.191735,415
2020-07-24,727900,24724685,33.07438,33.841322,31.444628,31.923967,-1.72562,468
2020-07-27,579201,19113999,32.738843,32.738843,30.581818,30.629752,-1.294215,364
2020-07-28,509184,15902127,30.965289,31.34876,28.808264,29.527273,-1.102479,316
2020-07-29,837900,27105009,29.719008,32.067769,29.719008,31.204959,1.677686,491
2020-07-30,353599,11667492,31.204959,32.21157,30.965289,32.21157,1.006611,262
2020-07-31,298250,9980123,32.019835,32.547107,31.636364,31.732231,-0.479339,197
2020-08-03,539485,18364507,31.732231,33.697521,31.58843,33.122314,1.390083,389
2020-08-04,504800,17682400,33.122314,34.080992,32.882645,33.122314,0.0,338
2020-08-05,569932,20155812,33.07438,34.752066,33.07438,33.841322,0.719008,358
2020-08-06,297483,10439710,34.320661,34.704132,33.07438,33.07438,-0.766942,217
2020-08-07,411624,14506477,34.416529,34.512397,32.930579,33.170248,0.095868,283
2020-08-10,473578,16742510,33.601653,34.320661,33.409917,34.17686,1.006612,332
2020-08-11,1451643,47143936,32.307438,32.595041,30.773554,30.773554,-3.403306,830
2020-08-12,541100,17619375,29.910744,31.732231,29.910744,31.636364,0.86281,365
2020-08-13,1335921,46957222,33.505785,34.320661,33.07438,33.170248,1.533884,856
2020-08-14,2030802,73476358,33.266116,35.854545,33.266116,35.471074,2.300826,1291
2020-08-17,2949576,113910109,36.190083,38.299174,35.758678,36.909091,1.438017,1911
2020-08-18,891597,33962409,36.717355,37.580165,35.998347,36.238017,-0.671074,629
2020-08-19,794101,29305451,36.238017,36.477686,34.320661,34.512397,-1.72562,568
2020-08-20,1355319,45320509,34.512397,34.512397,31.109091,31.444628,-3.067769,829
2020-08-21,663166,22435325,32.019835,33.361983,31.636364,32.690909,1.246281,457
2020-08-24,388700,13004204,32.307438,33.07438,31.684298,31.780165,-0.910744,273
2020-08-25,427133,14567487,32.019835,33.361983,31.732231,33.31405,1.533885,306
2020-08-26,455701,16102354,33.122314,34.320661,32.978512,33.793388,0.479338,327
2020-08-27,732687,26483821,33.889256,35.471074,33.841322,34.224793,0.431405,496
2020-08-28,634595,23230742,34.704132,35.566942,34.368595,35.471074,1.246281,414
2020-08-31,740526,28097519,36.429752,37.196694,35.614876,35.950413,0.479339,542
2020-09-01,633050,23909664,35.950413,37.052893,35.231405,37.004959,1.054546,451
2020-09-02,513136,19664283,37.196694,37.340496,36.333884,36.381818,-0.623141,355
2020-09-03,878650,33848892,36.861157,37.819835,36.190083,36.909091,0.527273,517
2020-09-04,583210,21788753,35.854545,36.573554,35.471074,35.950413,-0.958678,373
2020-09-07,328521,12171088,36.429752,36.429752,34.991736,35.375207,-0.575206,217
2020-09-08,514676,19416527,35.902479,36.717355,35.471074,36.477686,1.102479,326
2020-09-09,260505,9783486,36.046281,36.381818,35.566942,36.381818,-0.095868,188
2020-09-10,396834,14837696,36.52562,36.909091,35.183471,35.566942,-0.814876,249
2020-09-11,434301,15796585,35.950413,35.950413,33.793388,34.991736,-0.575206,286
2020-09-14,310139,11590551,35.279339,36.429752,34.704132,36.381818,1.390082,214
2020-09-15,509831,19490600,36.381818,37.292562,36.046281,36.046281,-0.335537,302
2020-09-16,305471,11563711,36.429752,36.813223,36.046281,36.28595,0.239669,207
2020-09-17,728602,28103253,36.333884,37.38843,36.28595,37.38843,1.10248,514
2020-09-18,1081737,45790953,37.867769,41.127273,37.867769,41.127273,3.738843,567
2020-09-21,601711,28370659,45.201653,45.201653,45.201653,45.201653,4.07438,269
2020-09-22,15440837,733233424,47.454545,48.604959,41.319008,41.798347,-3.403306,8991
2020-09-23,4696003,206508577,41.894215,44.003306,40.504132,41.510744,-0.287603,3035
2020-09-24,1662450,70528321,40.360331,42.229752,39.97686,40.024793,-1.485951,1105
2020-09-25,2182112,87413154,40.120661,40.839669,36.046281,38.826446,-1.198347,1267
2020-09-28,1077821,44076035,39.305785,40.120661,37.963636,40.024793,1.198347,761
2020-09-29,763553,31347553,39.73719,40.264463,38.347107,39.97686,-0.047933,479
2020-09-30,2012132,86603592,39.353719,42.32562,39.305785,41.22314,1.24628,1416
2020-10-05,1050178,45724982,40.935537,42.421488,40.743802,42.421488,1.198348,741
2020-10-06,1353001,59947491,42.421488,43.380165,41.798347,42.613223,0.191735,798
2020-10-07,6476744,309427937,42.613223,46.831405,42.565289,45.728926,3.115703,3686
2020-10-08,5485243,270299184,45.728926,48.700826,45.728926,47.933884,2.204958,3797
2020-10-12,2304504,112929291,47.454545,48.12562,46.064463,47.88595,-0.047934,1608
2020-10-13,3720595,188395012,47.933884,50.426446,47.071074,48.509091,0.623141,2588
2020-10-14,6275328,340606974,48.98843,53.302479,48.509091,53.302479,4.793388,3381
2020-10-15,5715566,320073251,54.165289,55.41157,52.152066,53.68595,0.383471,3926
2020-10-16,2747080,153176194,53.110744,55.028099,51.864463,51.864463,-1.821487,1953
2020-10-19,1644313,89043816,51.768595,52.535537,51.001653,52.535537,0.671074,1062
2020-10-20,1875051,103098276,52.439669,53.973554,51.768595,52.919008,0.383471,1325
2020-10-21,1502209,83079686,52.82314,54.165289,51.960331,51.960331,-0.958677,1071
2020-10-22,2655897,148153168,52.247934,55.41157,51.385124,55.41157,3.451239,1714
2020-10-23,4968353,288878433,56.561983,57.616529,54.069421,56.082645,0.671075,3412
2020-10-26,1869375,108729107,56.082645,56.945455,54.932231,55.028099,-1.054546,1366
2020-10-27,1239640,70853999,54.452893,55.795041,53.68595,54.165289,-0.86281,856
2020-10-28,3994317,213863977,55.028099,55.123967,48.98843,49.371901,-4.793388,2658
2020-10-29,2274977,117191187,48.413223,51.193388,46.783471,51.193388,1.821487,1469
2020-10-30,1701034,88006548,50.71405,51.960331,47.933884,47.933884,-3.259504,1241
2020-11-02,1245406,62440976,48.029752,49.467769,46.543802,48.892562,0.958678,843
2020-11-03,841254,43227645,49.755372,50.042975,48.413223,49.85124,0.958678,622
2020-11-04,755208,38983987,50.042975,50.330579,48.700826,48.796694,-1.054546,531
2020-11-05,525598,26872477,48.796694,49.85124,48.413223,48.98843,0.191736,369
2020-11-06,1974380,103930153,49.084298,51.864463,48.98843,49.659504,0.671074,1338
2020-11-09,1840730,99240359,49.85124,53.68595,49.85124,52.727273,3.067769,1285
2020-11-10,1498115,81069147,52.247934,53.398347,49.85124,50.809917,-1.917356,1088
2020-11-11,1253926,65466645,49.85124,51.480992,49.371901,49.371901,-1.438016,781
2020-11-12,2014187,100426306,48.892562,49.85124,46.495868,46.639669,-2.732232,1318
2020-11-13,980015,48281987,46.783471,48.604959,46.112397,47.550413,0.910744,699
2020-11-16,751507,36944603,47.933884,48.317355,46.304132,46.304132,-1.246281,491
2020-11-17,888262,43274327,46.4,47.742149,46.304132,46.304132,0.0,588
2020-11-18,449583,22028685,46.879339,47.550413,46.543802,46.879339,0.575207,331
2020-11-19,1623093,75955701,46.016529,46.495868,44.290909,44.386777,-2.492562,1167
2020-11-20,723667,33693974,44.386777,45.53719,44.386777,44.626446,0.239669,542
2020-11-23,1217231,55596194,44.626446,45.009917,42.94876,42.94876,-1.677686,793
2020-11-24,1397909,62404356,42.613223,43.715702,41.894215,42.469421,-0.479339,911
2020-11-25,966520,43807940,43.140496,44.099174,42.613223,43.619835,1.150414,693
2020-11-26,708216,32066881,44.386777,44.530579,42.94876,42.94876,-0.671075,526
2020-11-27,513134,23198987,42.94876,44.099174,42.900826,42.900826,-0.047934,377
2020-11-30,1457388,63660681,42.996694,43.236364,40.935537,40.935537,-1.965289,948
2020-12-01,734752,31515447,41.319008,41.798347,40.072727,40.935537,0.0,547
2020-12-02,429507,18474601,41.414876,41.750413,40.887603,41.127273,0.191736,298
2020-12-03,518559,22402515,41.175207,42.133884,40.791736,40.791736,-0.335537,406
2020-12-04,1021237,42709974,40.743802,40.935537,39.305785,39.305785,-1.485951,665
2020-12-07,900244,36843637,39.497521,40.743802,38.155372,40.504132,1.198347,665
2020-12-08,1445755,63871044,40.791736,43.284298,40.552066,42.709091,2.204959,1077
2020-12-09,816790,35668554,42.661157,43.092562,41.22314,41.22314,-1.485951,603
2020-12-10,691835,29013793,40.983471,40.983471,39.497521,40.312397,-0.910743,480
2020-12-11,994920,42672821,40.791736,42.32562,40.072727,40.360331,0.047934,711
2020-12-14,527088,22647628,41.031405,41.654545,40.456198,41.031405,0.671074,372
2020-12-15,1439640,63433564,41.510744,43.140496,41.46281,41.702479,0.671074,921
2020-12-16,837647,36966067,41.798347,43.044628,41.46281,42.32562,0.623141,561
2020-12-17,499960,21903610,42.32562,42.94876,41.22314,41.22314,-1.10248,377
2020-12-18,327007,13998339,41.46281,42.038017,40.504132,40.6,-0.62314,267
2020-12-21,309360,12910017,40.6,40.791736,39.497521,39.833058,-0.766942,248
2020-12-22,478709,19797440,39.833058,40.935537,38.442975,38.442975,-1.390083,353
2020-12-23,285147,11693632,38.538843,39.97686,38.538843,39.785124,1.342149,235
2020-12-24,259034,10880621,39.97686,40.6,39.97686,40.072727,0.287603,198
2020-12-25,1043374,45600885,40.264463,42.517355,40.264463,42.08595,2.013223,794
2020-12-28,861028,38479658,42.613223,43.236364,42.277686,42.661157,0.575207,622
2020-12-29,581590,25397754,43.092562,43.236364,41.079339,41.22314,-1.438017,409
2020-12-30,227816,9794254,41.271074,41.46281,41.031405,41.127273,-0.095867,172
2020-12-31,141657,6096168,42.181818,42.181818,40.983471,41.031405,-0.095868,128
2021-01-04,398204,17382537,41.606612,42.277686,41.127273,41.798347,0.766942,304
2021-01-05,2994669,140987661,42.469421,45.968595,42.277686,45.968595,4.170248,1562
2021-01-06,7656161,379813750,46.591736,50.138843,44.434711,47.071074,1.102479,5056
2021-01-07,3323360,166572918,47.26281,49.371901,46.879339,47.358678,0.287604,2270
2021-01-08,2244083,110120870,47.454545,48.98843,45.249587,46.208264,-1.150414,1568
2021-01-11,1254095,60904435,46.687603,47.694215,45.53719,46.208264,0.0,828
2021-01-12,895417,41936542,46.4,46.831405,43.332231,43.332231,-2.876033,672
2021-01-13,622315,28423035,44.578512,44.578512,43.380165,43.428099,0.095868,449
2021-01-14,1218659,57074663,44.003306,46.016529,43.667769,44.961983,1.533884,903
2021-01-15,919542,42744905,45.824793,46.208264,43.236364,43.284298,-1.677685,715
2021-01-18,716117,30942937,43.092562,43.092562,40.456198,41.414876,-1.869422,537
2021-01-19,621465,26749101,41.414876,42.181818,40.743802,40.743802,-0.671074,450
2021-01-20,1012239,41533398,41.22314,41.22314,38.442975,38.826446,-1.917356,668
2021-01-21,668249,27236834,39.11405,40.072727,38.203306,38.586777,-0.239669,432
2021-01-22,438283,18022220,38.586777,39.833058,38.586777,39.401653,0.814876,313
2021-01-25,319642,13066472,39.401653,39.73719,38.682645,39.641322,0.239669,222
2021-01-26,343611,13983528,39.641322,40.072727,38.634711,38.922314,-0.719008,246
2021-01-27,340303,13855779,39.209917,39.73719,38.538843,38.87438,-0.047934,253
2021-01-28,394750,15763845,38.25124,38.778512,37.963636,38.059504,-0.814876,272
2021-01-29,878134,33683578,38.442975,38.442975,35.758678,35.758678,-2.300826,611
2021-02-01,572515,20615391,35.183471,35.758678,33.457851,35.566942,-0.191736,418
2021-02-02,339181,13068728,36.190083,37.723967,35.998347,37.14876,1.581818,273
2021-02-03,176932,6893205,37.38843,37.723967,36.909091,37.38843,0.23967,153
2021-02-04,137486,5331645,36.957025,37.676033,36.765289,36.861157,-0.527273,134
2021-02-05,143266,5510696,36.909091,37.14876,36.621488,37.004959,0.143802,128
2021-02-17,272624,10762639,36.429752,38.730579,36.429752,38.490909,1.48595,230
2021-02-18,285619,11424069,38.634711,38.634711,38.059504,38.395041,-0.095868,219
2021-02-19,285284,11552792,38.25124,39.305785,37.963636,39.305785,0.910744,231
2021-02-22,412713,17221459,39.641322,40.360331,39.497521,39.928926,0.623141,329
2021-02-23,221675,9108292,39.928926,39.928926,38.922314,39.545455,-0.383471,207
2021-02-24,266535,10862039,39.545455,39.928926,38.347107,38.634711,-0.910744,245
2021-02-25,241206,9888899,39.305785,40.264463,38.826446,39.066116,0.431405,217
2021-02-26,491700,20498082,38.538843,40.264463,38.347107,40.168595,1.102479,388
2021-03-02,431432,18186985,40.839669,41.510744,39.305785,39.305785,-0.86281,367
2021-03-03,109738,4522680,38.826446,39.880992,38.826446,39.545455,0.23967,126
2021-03-04,120954,4927922,39.545455,39.641322,38.682645,38.826446,-0.719009,134
2021-03-05,232446,9377371,38.395041,39.209917,38.347107,38.538843,-0.287603,209
2021-03-08,190653,7661422,38.730579,38.826446,38.155372,38.442975,-0.095868,218
2021-03-09,161451,6461443,38.395041,39.593388,37.484298,39.593388,1.150413,178
2021-03-10,186857,7661929,39.593388,39.689256,38.87438,39.209917,-0.383471,194
2021-03-11,111439,4569669,39.11405,39.545455,39.11405,39.401653,0.191736,113
2021-03-12,146925,5988772,39.545455,39.545455,38.87438,38.87438,-0.527273,151
2021-03-15,282075,11339675,38.87438,38.970248,38.347107,38.490909,-0.383471,276
2021-03-16,453336,18389810,38.490909,39.593388,38.490909,38.826446,0.335537,290
2021-03-17,804279,33625048,38.826446,40.887603,38.826446,40.312397,1.485951,583
2021-03-18,4712703,215632729,41.22314,44.338843,40.935537,44.338843,4.026446,2701
2021-03-19,5970332,281475469,43.907438,47.454545,42.661157,45.585124,1.246281,4146
2021-03-22,3107498,145996449,45.057851,46.639669,43.332231,43.332231,-2.252893,2027
2021-03-23,1366655,61612936,43.476033,44.578512,42.373554,42.421488,-0.910743,980
2021-03-24,612501,27286380,42.277686,43.428099,42.181818,42.32562,-0.095868,465
2021-03-25,827510,35816304,42.181818,42.373554,41.031405,41.127273,-1.198347,623
2021-03-26,349668,15087850,41.510744,41.894215,41.127273,41.319008,0.191735,382
2021-03-29,243985,10610180,42.565289,42.565289,41.319008,41.798347,0.479339,437
2021-03-30,375151,16545490,42.08595,42.900826,41.798347,41.798347,0.0,494
2021-03-31,381326,16811493,42.517355,42.852893,41.846281,42.08595,0.287603,390
2021-04-01,966808,43652766,42.373554,44.05124,42.08595,43.476033,1.390083,764
2021-04-06,522060,23539301,44.195041,44.386777,42.757025,42.852893,-0.62314,571
2021-04-07,1153754,52707973,42.852893,44.338843,42.852893,44.099174,1.246281,934
2021-04-08,2326222,110752132,45.009917,46.543802,44.242975,45.728926,1.629752,1640
2021-04-09,984386,46583506,46.304132,46.495868,44.626446,44.722314,-1.006612,753
2021-04-12,824296,38333523,45.057851,45.680992,43.81157,43.81157,-0.910744,759
2021-04-13,748350,33786056,43.907438,44.578512,42.133884,42.133884,-1.677686,666
2021-04-14,775673,33087447,42.804959,43.236364,39.305785,40.743802,-1.390082,737
2021-04-15,263314,11292420,41.22314,41.702479,40.456198,41.606612,0.86281,512
2021-04-16,431410,18954578,41.702479,42.565289,41.702479,41.750413,0.143801,325
2021-04-19,326902,14212561,42.469421,42.469421,41.22314,41.319008,-0.431405,259
2021-04-20,276664,12072871,41.606612,42.373554,41.031405,41.894215,0.575207,236
2021-04-21,260022,11218332,41.846281,42.133884,41.175207,41.22314,-0.671075,234
2021-04-22,588448,24804295,41.798347,41.798347,39.305785,39.401653,-1.821487,433
2021-04-23,248491,10253904,38.538843,40.312397,38.538843,39.833058,0.431405,204
2021-04-26,380443,15968380,39.833058,40.743802,39.641322,40.504132,0.671074,349
2021-04-27,213123,9012611,41.414876,41.414876,40.264463,40.312397,-0.191735,162
2021-04-28,204125,8573355,41.127273,41.127273,39.880992,39.880992,-0.431405,189
2021-04-29,229089,9512741,39.928926,40.360331,39.353719,39.545455,-0.335537,193
2021-05-03,605761,23921778,39.545455,39.689256,36.909091,36.909091,-2.636364,466
2021-05-04,671022,24327643,36.909091,37.38843,33.218182,34.512397,-2.396694,454
2021-05-05,315851,11624332,34.704132,36.190083,34.080992,34.560331,0.047934,231
2021-05-06,259403,9497016,35.087603,35.854545,34.272727,35.231405,0.671074,188
2021-05-07,387803,14854219,35.66281,37.867769,35.327273,37.532231,2.300826,253
2021-05-10,193704,7594355,37.532231,38.203306,36.621488,38.059504,0.527273,163
2021-05-11,490033,19339516,38.347107,39.066116,36.046281,37.100826,-0.958678,406
2021-05-12,833900,30193172,37.580165,38.634711,33.409917,33.457851,-3.642975,525
2021-05-13,460866,15643372,31.828099,33.93719,30.773554,32.882645,-0.575206,290
2021-05-14,375806,12968701,34.320661,34.8,32.163636,32.307438,-0.575207,233
2021-05-17,1032107,31722456,30.677686,31.636364,29.095868,29.095868,-3.21157,515
2021-05-18,496051,16213390,29.527273,31.971901,29.527273,31.971901,2.876033,314
2021-05-19,293314,10169430,32.115702,34.512397,31.636364,34.512397,2.540496,212
2021-05-20,157056,5562898,34.512397,34.8,33.361983,33.649587,-0.86281,110
2021-05-21,198857,7063502,34.320661,34.991736,33.601653,34.033058,0.383471,156
2021-05-24,156820,5566637,33.170248,34.512397,33.07438,34.512397,0.479339,131
2021-05-25,209450,7594156,34.943802,35.279339,34.320661,34.608264,0.095867,158
2021-05-26,120267,4328046,35.42314,35.42314,34.128926,34.608264,0.0,99
2021-05-27,116139,4173457,34.8,34.8,34.128926,34.416529,-0.191735,94
2021-05-28,346735,12762565,34.991736,35.854545,34.608264,35.183471,0.766942,234
2021-05-31,293241,10884683,35.039669,35.854545,35.039669,35.710744,0.527273,187
2021-06-01,285704,10895649,35.998347,37.004959,35.950413,36.909091,1.198347,217
2021-06-02,180322,6814801,36.765289,36.861157,35.854545,35.902479,-1.006612,150
2021-06-03,131469,4938551,35.950413,36.333884,35.758678,36.190083,0.287604,100
2021-06-04,124202,4671234,36.381818,36.429752,35.66281,36.429752,0.239669,80
2021-06-07,102315,3793405,36.621488,36.621488,34.704132,35.902479,-0.527273,94
2021-06-08,55274,2068472,36.429752,36.429752,35.614876,35.950413,0.047934,45
2021-06-09,73229,2723495,36.094215,36.094215,35.279339,35.327273,-0.62314,66
2021-06-10,81505,3016683,35.183471,35.950413,35.183471,35.950413,0.62314,70
2021-06-11,129909,4801484,35.950413,35.950413,34.8,35.327273,-0.62314,107
2021-06-15,152940,5596619,35.327273,35.375207,34.943802,34.943802,-0.383471,126
2021-06-16,94714,3439736,34.991736,35.087603,34.608264,34.943802,0.0,68
2021-06-17,87704,3202179,34.608264,35.279339,34.608264,35.231405,0.287603,84
2021-06-18,48429,1765306,35.279339,35.279339,34.752066,34.943802,-0.287603,47
2021-06-21,83006,2970462,34.895868,34.895868,34.128926,34.128926,-0.814876,76
2021-06-22,124828,4464199,34.704132,34.704132,33.93719,34.128926,0.0,102
2021-06-23,157869,5758532,34.17686,35.42314,34.17686,35.039669,0.910743,125
2021-06-24,288511,10870351,35.375207,36.621488,35.375207,36.621488,1.581819,225
2021-06-25,87039,3290434,36.861157,36.861157,35.950413,35.950413,-0.671075,85
2021-06-28,53966,2021687,35.950413,36.142149,35.66281,36.142149,0.191736,56
2021-06-29,125879,4683208,36.142149,36.190083,35.375207,35.471074,-0.671075,108
2021-06-30,94848,3506798,35.42314,35.614876,34.752066,35.566942,0.095868,81
2021-07-01,260504,9421658,35.087603,35.279339,34.320661,34.320661,-1.246281,167
2021-07-02,143811,5273868,34.656198,36.28595,34.368595,36.28595,1.965289,121
2021-07-05,318493,12182311,36.429752,37.196694,36.28595,36.909091,0.623141,276
2021-07-06,121363,4628929,36.909091,37.100826,36.142149,36.190083,-0.719008,104
2021-07-07,203462,7791470,36.142149,36.909091,36.142149,36.813223,0.62314,167
2021-07-08,135984,5262264,37.628099,37.628099,36.717355,37.14876,0.335537,127
2021-07-09,1874088,78035168,36.429752,40.839669,36.429752,40.839669,3.690909,1262
2021-07-12,2991292,130237392,41.271074,42.852893,40.839669,41.510744,0.671075,2048
2021-07-13,1242387,51568269,41.366942,41.510744,38.347107,38.586777,-2.923967,800
2021-07-14,678815,26094322,38.682645,38.730579,36.046281,37.292562,-1.294215,478
2021-07-15,463211,18551638,36.909091,39.209917,36.909091,39.209917,1.917355,327
2021-07-16,303896,12241780,38.826446,39.401653,38.155372,38.395041,-0.814876,214
2021-07-19,294689,11510636,38.395041,38.395041,37.004959,37.292562,-1.102479,234
2021-07-20,199520,7652034,36.909091,37.100826,36.52562,36.909091,-0.383471,155
2021-07-21,260396,9928553,37.676033,37.676033,35.950413,35.950413,-0.958678,186
2021-07-22,151224,5730728,36.813223,36.813223,35.806612,36.573554,0.623141,135
2021-07-23,474555,18888183,36.477686,39.161983,36.477686,38.01157,1.438016,337
2021-07-26,491945,19826226,37.771901,39.497521,37.484298,37.532231,-0.479339,330
2021-07-27,286863,11134217,37.723967,38.347107,36.429752,36.477686,-1.054545,213
2021-07-28,259764,9677597,36.429752,36.52562,35.087603,35.566942,-0.910744,195
2021-07-29,103494,3886945,35.566942,36.28595,35.566942,36.28595,0.719008,86
2021-07-30,135003,5112163,36.190083,36.813223,35.806612,35.806612,-0.479338,124
2021-08-02,60102,2282264,35.854545,37.14876,35.854545,36.381818,0.575206,59
2021-08-03,94176,3576186,36.52562,36.765289,35.998347,36.28595,-0.095868,81
2021-08-04,88720,3351817,36.28595,36.573554,36.046281,36.573554,0.287604,87
2021-08-05,104878,3968220,36.909091,36.909091,36.094215,36.142149,-0.431405,83
2021-08-06,69528,2634019,36.429752,36.429752,36.046281,36.28595,0.143801,63
2021-08-09,116702,4398792,35.710744,36.52562,35.614876,36.333884,0.047934,83
2021-08-10,143017,5346238,36.046281,36.142149,35.566942,35.950413,-0.383471,98
2021-08-11,300501,10750262,34.416529,35.327273,33.553719,33.841322,-2.109091,221
2021-08-12,187535,6532647,33.266116,33.649587,32.882645,33.457851,-0.383471,154
2021-08-13,85352,3006533,34.033058,34.320661,33.553719,33.553719,0.095868,67
2021-08-16,113145,3888339,32.978512,33.745455,32.690909,32.978512,-0.575207,88
2021-08-17,78445,2695298,32.978512,33.553719,32.019835,32.403306,-0.575206,65
2021-08-18,139692,4679301,31.252893,33.457851,31.252893,33.361983,0.958677,113
2021-08-19,36995,1252059,32.499174,33.218182,32.115702,32.115702,-1.246281,46
2021-08-20,84063,2856913,32.115702,32.978512,32.115702,32.499174,0.383472,59
2021-08-23,93197,3291672,32.738843,34.847934,32.738843,33.601653,1.102479,84
2021-08-24,107413,3770373,33.553719,34.368595,33.31405,33.31405,-0.287603,60
2021-08-25,173015,6238996,33.553719,35.183471,33.457851,34.752066,1.438016,143
2021-08-26,53082,1919902,34.752066,35.087603,34.128926,34.416529,-0.335537,57
2021-08-27,37015,1321841,33.841322,34.8,33.841322,34.704132,0.287603,31
2021-08-30,135098,5009152,34.704132,36.429752,34.704132,35.66281,0.958678,111
2021-08-31,90285,3334224,35.087603,35.950413,35.087603,35.950413,0.287603,67
2021-09-01,45119,1692956,35.950413,36.333884,35.758678,35.854545,-0.095868,52
2021-09-02,30006,1110222,36.238017,36.238017,35.087603,35.087603,-0.766942,35
2021-09-03,75501,2777188,35.087603,36.046281,35.039669,35.471074,0.383471,97
2021-09-06,63805,2321374,35.519008,35.758678,34.512397,34.512397,-0.958677,62
2021-09-07,81726,2921431,34.464463,34.560331,33.649587,34.033058,-0.479339,55
2021-09-08,50501,1801936,34.033058,35.183471,33.649587,34.656198,0.62314,46
2021-09-09,17113,616655,34.704132,35.183471,34.080992,34.512397,-0.143801,24
2021-09-10,44777,1616701,34.512397,34.847934,34.512397,34.608264,0.095867,45
2021-09-13,91479,3219295,34.464463,34.512397,33.31405,33.553719,-1.054545,87
2021-09-14,46500,1638701,34.320661,34.368595,33.409917,33.409917,-0.143802,53
2021-09-15,69283,2412071,34.128926,34.17686,33.07438,33.361983,-0.047934,75
2021-09-16,37288,1294593,33.409917,33.457851,33.218182,33.218182,-0.143801,35
2021-09-17,34610,1207090,33.218182,33.697521,33.218182,33.31405,0.095868,43
2021-09-22,84729,2876732,33.07438,33.07438,32.115702,32.45124,-0.86281,71
2021-09-23,53106,1821317,32.978512,33.745455,32.595041,32.595041,0.143801,57
2021-09-24,65411,2296385,32.786777,34.512397,32.786777,34.512397,1.917356,67
2021-09-27,30382,1074912,33.697521,34.416529,33.553719,33.601653,-0.910744,34
2021-09-28,25761,903472,33.601653,33.93719,33.553719,33.697521,0.095868,28
2021-09-29,63064,2172997,33.31405,33.553719,32.786777,32.834711,-0.86281,46
2021-09-30,49788,1726411,33.553719,33.553719,32.882645,33.026446,0.191735,54
2021-10-01,74047,2508626,32.786777,32.834711,32.115702,32.355372,-0.671074,72
2021-10-04,94206,3125203,31.876033,32.019835,31.58843,31.58843,-0.766942,75
2021-10-05,53023,1733667,31.204959,32.403306,30.246281,31.636364,0.047934,54
2021-10-06,45247,1487351,31.636364,31.780165,31.252893,31.300826,-0.335538,36
2021-10-07,72541,2432556,30.72562,33.026446,30.72562,32.595041,1.294215,67
2021-10-08,33317,1136114,32.21157,32.834711,32.21157,32.595041,0.0,32
2021-10-12,62013,2100969,32.45124,32.595041,31.923967,32.595041,0.0,53
2021-10-13,59330,1957713,32.019835,32.067769,31.061157,31.636364,-0.958677,81
2021-10-14,31148,1016228,31.636364,32.21157,30.965289,31.540496,-0.095868,38
2021-10-15,62309,2042317,31.444628,31.58843,31.157025,31.58843,0.047934,61
2021-10-18,43140,1417812,31.636364,32.019835,31.252893,31.58843,0.0,50
2021-10-19,60550,1999497,31.444628,32.21157,31.444628,31.828099,0.239669,51
2021-10-20,44003,1478050,31.828099,32.786777,31.828099,32.115702,0.287603,39
2021-10-21,50304,1664068,32.45124,32.45124,31.540496,31.732231,-0.383471,37
2021-10-22,31266,1040927,31.732231,32.21157,31.540496,31.923967,0.191736,49
2021-10-25,32379,1069912,31.58843,31.923967,31.540496,31.684298,-0.239669,51
2021-10-26,68601,2283830,31.828099,32.355372,31.732231,32.355372,0.671074,64
2021-10-27,73297,2482975,31.876033,32.595041,31.876033,32.595041,0.239669,70
2021-10-28,175127,6084882,33.266116,33.93719,32.163636,33.122314,0.527273,144
2021-10-29,63139,2192113,32.786777,33.553719,32.786777,33.31405,0.191736,61
2021-11-01,95212,3302709,33.553719,33.553719,32.978512,33.31405,0.0,93
2021-11-02,54668,1889993,32.930579,33.745455,32.930579,32.978512,-0.335538,59
2021-11-03,73361,2529133,32.978512,33.266116,32.834711,33.266116,0.287604,67
2021-11-04,47752,1662114,33.170248,33.841322,33.026446,33.31405,0.047934,53
2021-11-05,68080,2360580,33.361983,33.505785,33.07438,33.218182,-0.095868,58
2021-11-08,53533,1832163,33.122314,33.170248,32.595041,32.642975,-0.575207,54
2021-11-09,44180,1504194,32.595041,33.026446,32.547107,32.547107,-0.095868,61
2021-11-10,78406,2660747,32.403306,32.882645,32.259504,32.595041,0.047934,71
2021-11-11,88898,3055796,32.882645,33.170248,32.595041,33.026446,0.431405,71
2021-11-12,48398,1646232,32.978512,32.978512,32.499174,32.499174,-0.527272,37
2021-11-15,147202,4988187,32.21157,33.170248,32.115702,32.21157,-0.287604,117
2021-11-16,84567,2847525,32.595041,32.595041,32.115702,32.115702,-0.095868,80
2021-11-17,127842,4274184,32.307438,32.307438,31.971901,32.019835,-0.095867,124
2021-11-18,85610,2854074,32.019835,32.21157,31.828099,32.115702,0.095867,82
2021-11-19,112411,3760833,32.115702,32.259504,31.923967,32.21157,0.095868,83
2021-11-22,87888,2928686,32.019835,32.067769,31.876033,31.923967,-0.287603,93
2021-11-23,89136,2938897,31.923967,31.923967,31.492562,31.492562,-0.431405,83
2021-11-24,89188,2924648,31.492562,31.636364,31.300826,31.34876,-0.143802,73
2021-11-25,67877,2221217,31.396694,31.492562,31.252893,31.300826,-0.047934,71
2021-11-26,264823,8806130,31.444628,32.738843,31.300826,31.540496,0.23967,226
2021-11-29,90797,2920589,31.540496,31.540496,30.48595,31.157025,-0.383471,86
2021-11-30,153107,4999977,31.157025,31.732231,30.965289,30.965289,-0.191736,95
2021-12-01,64772,2088599,30.773554,31.204959,30.72562,31.204959,0.23967,54
2021-12-02,45889,1485814,31.492562,31.492562,30.917355,30.917355,-0.287604,46
2021-12-03,44745,1441704,30.677686,31.013223,30.677686,30.869421,-0.047934,106
2021-12-06,65160,2091625,30.677686,31.061157,30.629752,31.061157,0.191736,66
2021-12-07,30955,999740,31.157025,31.157025,30.917355,31.061157,0.0,54
2021-12-08,56104,1831702,31.252893,31.492562,31.109091,31.492562,0.431405,81
2021-12-09,32461,1060538,31.444628,31.540496,31.157025,31.492562,0.0,44
2021-12-10,82222,2722365,31.58843,32.019835,31.444628,31.780165,0.287603,66
2021-12-13,73321,2455198,32.21157,32.355372,31.876033,32.307438,0.527273,74
2021-12-14,41206,1354438,31.492562,32.019835,31.396694,31.396694,-0.910744,74
2021-12-15,23347,766581,31.492562,31.58843,31.252893,31.58843,0.191736,41
2021-12-16,57310,1875959,30.917355,31.58843,30.917355,31.204959,-0.383471,54
2021-12-17,23002,751382,31.540496,31.540496,31.157025,31.157025,-0.047934,43
2021-12-20,38011,1222808,30.677686,30.917355,30.677686,30.869421,-0.287604,39
2021-12-21,32033,1030509,30.965289,30.965289,30.677686,30.677686,-0.191735,31
2021-12-22,72805,2377258,30.965289,31.780165,30.965289,31.444628,0.766942,68
2021-12-23,14022,462267,31.732231,31.732231,31.444628,31.444628,0.0,80
2021-12-24,45493,1482761,31.157025,31.396694,31.157025,31.300826,-0.143802,64
2021-12-27,66798,2190195,31.780165,31.780165,31.252893,31.300826,0.0,140
2021-12-28,54915,1800765,31.34876,31.636364,31.34876,31.396694,0.095868,41
2021-12-29,37072,1217305,31.396694,31.636364,31.204959,31.636364,0.23967,38
2021-12-30,64054,2086488,31.540496,31.540496,31.157025,31.252893,-0.383471,105
2022-01-03,41566,1366040,31.636364,31.876033,31.300826,31.300826,0.047933,59
2022-01-04,96925,3200282,31.444628,31.828099,31.444628,31.732231,0.431405,84
2022-01-05,898817,31493075,32.307438,34.416529,31.971901,33.601653,1.869422,794
2022-01-06,415995,14655733,33.505785,34.320661,33.07438,33.649587,0.047934,373
2022-01-07,174748,6043425,33.841322,33.841322,32.786777,33.07438,-0.575207,151
2022-01-10,82844,2797582,32.403306,32.786777,31.923967,32.45124,-0.62314,120
2022-01-11,193658,6385564,32.786777,32.786777,31.204959,31.252893,-1.198347,236
2022-01-12,138429,4501485,30.821488,31.923967,30.821488,31.204959,-0.047934,94
2022-01-13,82888,2679896,30.917355,31.157025,30.917355,31.061157,-0.143802,115
2022-01-14,109718,3494693,30.965289,30.965289,30.390083,30.581818,-0.479339,169
2022-01-17,101933,3242692,30.294215,30.677686,30.198347,30.438017,-0.143801,113
2022-01-18,97307,3092030,30.677686,30.677686,30.390083,30.533884,0.095867,88
2022-01-19,72727,2292951,29.814876,30.629752,29.814876,30.246281,-0.287603,116
2022-01-20,161535,5079143,30.294215,30.294215,29.958678,30.198347,-0.047934,87
2022-01-21,117872,3667549,31.157025,31.157025,29.527273,29.766942,-0.431405,104
2022-01-24,126017,3841922,29.814876,29.814876,29.047934,29.047934,-0.719008,107
2022-01-25,77100,2325486,29.047934,29.527273,28.760331,28.760331,-0.287603,96
2022-01-26,46095,1395778,28.760331,29.335537,28.760331,29.335537,0.575206,64
2022-02-07,50034,1564056,29.62314,30.294215,29.62314,30.150413,0.814876,68
2022-02-08,94854,3032227,30.72562,31.157025,30.198347,31.157025,1.006612,84
2022-02-09,62407,2028328,31.444628,31.444628,30.965289,31.34876,0.191735,61
2022-02-10,39538,1273775,31.252893,31.252893,30.72562,30.773554,-0.575206,62
2022-02-11,61258,1981656,31.204959,31.252893,30.773554,30.917355,0.143801,70
2022-02-14,44542,1426122,30.773554,30.965289,30.48595,30.581818,-0.335537,91
2022-02-15,21600,688022,30.677686,30.677686,30.390083,30.48595,-0.095868,46
2022-02-16,42752,1363125,30.677686,30.677686,30.390083,30.48595,0.0,79
2022-02-17,39075,1244154,30.48595,30.629752,30.48595,30.581818,0.095868,45
2022-02-18,19436,618358,30.629752,30.629752,30.390083,30.581818,0.0,54
2022-02-21,38593,1246443,30.629752,31.157025,30.629752,30.917355,0.335537,90
2022-02-22,28045,900686,31.109091,31.157025,30.48595,30.48595,-0.431405,66
2022-02-23,68157,2171554,30.246281,31.109091,30.246281,30.965289,0.479339,70
2022-02-24,97156,3040452,30.342149,30.869421,29.575207,29.719008,-1.246281,99
2022-02-25,143603,4443756,29.719008,30.72562,29.383471,29.671074,-0.047934,86
2022-03-01,78200,2359222,28.280992,30.054545,28.280992,29.575207,-0.095867,112
2022-03-02,18347,573426,29.719008,30.198347,29.527273,30.198347,0.62314,53
2022-03-03,21223,670213,29.766942,30.48595,29.719008,30.150413,-0.047934,38
2022-03-04,47556,1462026,30.054545,30.054545,29.335537,29.479339,-0.671074,84
2022-03-07,265947,7813129,28.760331,28.760331,27.801653,28.233058,-1.246281,168
2022-03-08,68070,1991158,28.185124,28.952066,27.657851,28.13719,-0.095868,85
2022-03-09,40094,1174984,28.041322,28.280992,28.041322,28.13719,0.0,67
2022-03-10,32219,964736,29.0,29.0,28.472727,28.760331,0.623141,69
2022-03-11,16088,481107,29.0,29.0,28.520661,28.664463,-0.095868,45
2022-03-14,28166,833369,28.616529,28.664463,27.897521,28.472727,-0.191736,69
2022-03-15,102057,3055784,28.185124,28.952066,28.13719,28.424793,-0.047934,84
2022-03-16,26350,779227,28.424793,28.472727,28.233058,28.280992,-0.143801,52
2022-03-17,39263,1168902,28.280992,29.143802,28.280992,28.712397,0.431405,78
2022-03-18,11025,329299,28.712397,28.712397,28.568595,28.664463,-0.047934,35
2022-03-21,50942,1504843,28.280992,28.664463,28.280992,28.328926,-0.335537,83
2022-03-22,13209,392734,28.328926,28.664463,28.328926,28.568595,0.239669,79
2022-03-23,41796,1248614,28.664463,28.760331,28.472727,28.568595,0.0,78
2022-03-24,65037,1922893,28.424793,28.664463,28.280992,28.328926,-0.239669,68
2022-03-25,81803,2455962,29.479339,29.479339,28.568595,28.712397,0.383471,95
2022-03-28,15225,455445,28.664463,28.760331,28.664463,28.760331,0.047934,62
2022-03-29,53941,1599446,28.712397,28.712397,28.328926,28.520661,-0.23967,451
2022-03-30,24644,734013,29.191736,29.191736,28.37686,28.664463,0.143802,309
2022-03-31,33942,1004707,28.37686,28.424793,28.328926,28.424793,-0.23967,196
2022-04-01,17500,518586,28.520661,28.568595,28.185124,28.568595,0.143802,156
2022-04-06,26418,783263,28.424793,28.568595,28.37686,28.424793,-0.143802,210
2022-04-07,27115,808227,28.712397,28.760331,28.424793,28.568595,0.143802,121
2022-04-08,68914,2055908,28.760331,28.760331,28.520661,28.664463,0.095868,142
2022-04-11,97169,2845247,28.472727,28.664463,27.801653,27.801653,-0.86281,218
2022-04-12,32452,939909,27.801653,28.089256,27.609917,27.801653,0.0,150
2022-04-13,56889,1656229,27.849587,28.13719,27.801653,27.897521,0.095868,201
2022-04-14,72190,2097714,27.945455,27.993388,27.705785,27.705785,-0.191736,196
2022-04-15,43159,1240693,27.657851,27.753719,27.370248,27.561983,-0.143802,148
2022-04-18,35741,1023782,27.51405,27.561983,27.370248,27.51405,-0.047933,291
2022-04-19,21486,621980,27.609917,28.328926,27.561983,27.897521,0.383471,234
2022-04-20,39984,1166414,27.801653,28.13719,27.418182,28.041322,0.143801,341
2022-04-21,19685,576622,27.801653,28.616529,27.801653,27.897521,-0.143801,97
2022-04-22,26363,767122,27.705785,28.233058,27.705785,27.801653,-0.095868,53
2022-04-25,60538,1744491,27.753719,28.37686,27.226446,27.51405,-0.287603,67
2022-04-26,36646,1058228,28.185124,28.233058,27.466116,27.849587,0.335537,35
2022-04-27,52506,1485047,27.801653,27.801653,26.938843,26.938843,-0.910744,46
2022-04-28,17564,501416,27.705785,27.705785,27.130579,27.226446,0.287603,40
2022-04-29,24209,691042,28.041322,28.041322,27.226446,27.27438,0.047934,34
2022-05-03,42159,1188452,27.609917,27.609917,26.699174,26.747107,-0.527273,61
2022-05-04,23316,656387,26.747107,27.226446,26.747107,27.130579,0.383472,59
2022-05-05,37111,1051512,27.418182,27.418182,26.986777,27.130579,0.0,50
2022-05-06,75119,2070071,26.65124,26.842975,26.219835,26.507438,-0.623141,61
2022-05-09,78041,2113158,26.507438,26.507438,25.500826,25.596694,-0.910744,68
2022-05-10,28041,738926,25.500826,25.500826,25.117355,25.404959,-0.191735,43
2022-05-11,50595,1329500,25.452893,25.692562,24.92562,24.973554,-0.431405,54
2022-05-12,94061,2417031,24.973554,25.404959,24.350413,24.350413,-0.623141,72
2022-05-13,32311,823944,24.350413,24.92562,24.254545,24.494215,0.143802,34
2022-05-16,32846,843105,24.494215,25.309091,24.254545,24.254545,-0.23967,31
2022-05-17,93141,2327088,23.679339,24.398347,23.679339,24.110744,-0.143801,91
2022-05-18,69151,1776738,24.446281,24.973554,24.254545,24.781818,0.671074,60
2022-05-19,68333,1714718,23.871074,24.542149,23.871074,24.398347,-0.383471,52
2022-05-20,63011,1607084,24.446281,24.542149,24.254545,24.254545,-0.143802,44
2022-05-23,36320,925752,24.829752,24.829752,24.350413,24.494215,0.23967,46
2022-05-24,84003,2181775,24.446281,25.357025,24.446281,24.68595,0.191735,63
2022-05-25,617259,17355207,25.261157,27.130579,25.213223,27.130579,2.444629,303
2022-05-26,502925,14278196,27.801653,27.801653,26.363636,27.034711,-0.095868,342
2022-05-27,167398,4725301,27.609917,27.609917,26.459504,27.226446,0.191735,118
2022-05-30,58117,1645200,26.938843,27.27438,26.938843,27.082645,-0.143801,62
2022-05-31,36330,1027534,26.890909,27.27438,26.890909,27.034711,-0.047934,31
2022-06-01,76027,2145215,27.178512,27.178512,26.65124,26.65124,-0.383471,38
2022-06-02,38287,1076687,26.795041,27.226446,26.699174,26.842975,0.191735,38
2022-06-06,35160,986246,27.226446,27.226446,26.699174,26.699174,-0.143801,44
2022-06-07,63207,1759847,26.699174,26.747107,26.65124,26.65124,-0.047934,28
2022-06-08,15383,432701,26.699174,27.130579,26.699174,26.938843,0.287603,21
2022-06-09,29585,830967,26.842975,27.082645,26.795041,27.082645,0.143802,31
2022-06-10,14008,392224,27.034711,27.034711,26.699174,27.034711,-0.047934,19
2022-06-13,28511,784607,26.795041,26.795041,26.123967,26.171901,-0.86281,49
2022-06-14,13240,364895,26.459504,26.459504,26.219835,26.219835,0.047934,17
2022-06-15,37646,1032369,26.890909,26.890909,26.171901,26.363636,0.143801,28
2022-06-16,67595,1835601,26.363636,26.363636,25.644628,25.644628,-0.719008,65
2022-06-17,197375,5010971,26.41157,26.41157,24.06281,24.158678,-1.48595,99
2022-06-20,105236,2607440,24.398347,24.398347,23.679339,23.679339,-0.479339,81
2022-06-21,35084,881575,24.446281,24.494215,23.966942,23.966942,0.287603,32
2022-06-22,103259,2560550,24.014876,24.014876,23.679339,23.727273,-0.239669,64
2022-06-23,52020,1270540,23.679339,23.679339,23.152066,23.679339,-0.047934,45
2022-06-24,33705,838882,23.966942,23.966942,23.487603,23.966942,0.287603,26
2022-06-27,15914,406091,23.966942,24.781818,23.966942,24.446281,0.479339,28
2022-06-28,2111,53228,24.254545,24.254545,24.06281,24.06281,-0.383471,14
2022-06-29,25305,645643,24.446281,24.542149,24.254545,24.302479,0.239669,26
2022-06-30,25039,615266,23.775207,23.775207,23.439669,23.535537,-0.766942,36
2022-07-01,209409,4828422,23.535537,23.727273,21.666116,21.71405,-1.821487,132
2022-07-04,171064,3764021,21.282645,21.761983,20.659504,21.426446,-0.287604,80
2022-07-05,25164,556848,21.761983,21.761983,20.947107,21.186777,-0.239669,25
2022-07-06,35033,769037,20.899174,21.186777,20.899174,20.995041,-0.191736,30
2022-07-07,40409,875125,20.323967,21.426446,20.323967,21.426446,0.431405,44
2022-07-08,75148,1729662,21.570248,22.433058,21.426446,22.049587,0.623141,41
2022-07-11,23202,533798,22.816529,22.816529,21.809917,22.049587,0.0,31
2022-07-12,55256,1226792,21.953719,21.953719,21.186777,21.378512,-0.671075,59
2022-07-13,45999,1035942,21.522314,22.049587,21.426446,21.857851,0.479339,61
2022-07-14,25066,575102,21.857851,22.097521,21.857851,22.097521,0.23967,31
2022-07-15,19027,439174,22.049587,22.289256,21.809917,22.289256,0.191735,31
2022-07-18,77440,1860841,22.289256,23.343802,22.289256,23.247934,0.958678,80
2022-07-19,15091,368830,23.679339,23.679339,23.295868,23.391736,0.143802,30
2022-07-20,48536,1203923,23.966942,24.158678,23.535537,23.535537,0.143801,40
2022-07-21,8013,200584,23.535537,24.06281,23.535537,24.06281,0.527273,14
2022-07-22,52546,1315189,23.966942,24.206612,23.631405,24.06281,0.0,36
2022-07-25,29115,719704,23.966942,23.966942,23.487603,23.631405,-0.431405,41
2022-07-26,14218,355814,24.158678,24.254545,23.487603,23.82314,0.191735,34
2022-07-27,4916,121069,23.775207,23.775207,23.343802,23.343802,-0.479338,26
2022-07-28,39773,963615,23.583471,23.727273,23.008264,23.439669,0.095867,53
2022-07-29,679727,18097232,23.583471,25.740496,23.583471,25.740496,2.300827,430
2022-08-01,374074,9921336,25.884298,26.076033,24.877686,25.069421,-0.671075,299
2022-08-02,101642,2656232,24.733884,25.692562,24.638017,24.973554,-0.095867,106
2022-08-03,150337,3794530,24.638017,24.68595,23.631405,24.110744,-0.86281,105
2022-08-04,71171,1760648,24.110744,24.254545,23.535537,24.158678,0.047934,48
2022-08-05,97800,2490868,23.727273,24.733884,23.727273,24.638017,0.479339,49
2022-08-08,42345,1060175,24.638017,24.638017,23.871074,23.871074,-0.766943,60
2022-08-09,50111,1239818,23.679339,24.110744,23.583471,23.775207,-0.095867,50
2022-08-10,40870,1016092,23.583471,24.398347,23.583471,24.158678,0.383471,39
2022-08-11,339984,9398553,26.363636,26.555372,26.076033,26.555372,2.396694,169
2022-08-12,1455672,42093835,27.705785,28.568595,27.130579,27.801653,1.246281,866
2022-08-15,359711,10110951,27.322314,27.370248,26.363636,26.986777,-0.814876,257
2022-08-16,178018,4998321,26.267769,27.418182,26.267769,26.507438,-0.479339,133
2022-08-17,94366,2607273,26.842975,26.842975,26.267769,26.41157,-0.095868,79
2022-08-18,114760,3164252,26.842975,26.842975,26.219835,26.65124,0.23967,82
2022-08-19,127466,3583427,27.034711,27.705785,26.459504,26.459504,-0.191736,97
2022-08-22,44166,1211580,26.459504,26.65124,26.171901,26.219835,-0.239669,50
2022-08-23,112561,3031571,26.076033,26.123967,25.644628,25.884298,-0.335537,71
2022-08-24,79618,2216444,26.555372,26.986777,26.315702,26.603306,0.719008,54
2022-08-25,55039,1531530,26.747107,26.986777,26.41157,26.699174,0.095868,63
2022-08-26,32829,910602,26.842975,26.842975,26.459504,26.603306,-0.095868,57
2022-08-29,24055,659954,26.603306,26.603306,26.171901,26.267769,-0.335537,38
2022-08-30,35303,968936,26.315702,26.603306,26.267769,26.459504,0.191735,23
2022-08-31,24527,681519,26.65124,26.747107,26.459504,26.747107,0.287603,35
2022-09-01,63845,1750074,26.747107,26.747107,26.171901,26.315702,-0.431405,55
2022-09-02,47029,1295695,26.65124,26.795041,26.171901,26.459504,0.143802,44
2022-09-05,33120,910415,26.459504,26.747107,26.171901,26.603306,0.143802,51
2022-09-06,140021,3831775,26.699174,26.699174,26.123967,26.459504,-0.143802,54
2022-09-07,62659,1736581,26.555372,26.747107,26.219835,26.699174,0.23967,57
2022-09-08,50341,1397772,26.842975,26.842975,26.41157,26.65124,-0.047934,50
2022-09-12,98736,2703455,26.65124,26.65124,26.076033,26.171901,-0.479339,98
2022-09-13,136511,3717992,26.459504,26.459504,25.884298,26.171901,0.0,64
2022-09-14,70249,1880926,25.54876,25.836364,25.357025,25.740496,-0.431405,85
2022-09-15,37017,991266,26.171901,26.171901,25.452893,25.54876,-0.191736,39
2022-09-16,21095,559088,24.973554,25.644628,24.973554,25.500826,-0.047934,29
2022-09-19,37318,975651,25.404959,25.692562,24.781818,24.829752,-0.671074,44
2022-09-20,24108,629257,25.404959,25.500826,24.733884,25.069421,0.239669,28
2022-09-21,5358,138616,24.829752,24.829752,24.733884,24.733884,-0.335537,23
2022-09-22,39058,999796,24.733884,24.733884,24.446281,24.446281,-0.287603,42
2022-09-23,28014,717700,24.446281,24.92562,24.446281,24.446281,0.0,31
2022-09-26,53112,1299996,24.254545,24.254545,23.104132,23.679339,-0.766942,61
2022-09-27,51437,1259191,23.295868,23.679339,23.104132,23.535537,-0.143802,61
2022-09-28,50006,1187753,23.535537,23.679339,22.097521,22.097521,-1.438016,48
2022-09-29,31021,718607,22.097521,22.33719,22.097521,22.289256,0.191735,33
2022-09-30,79014,1892295,22.289256,23.871074,21.857851,23.056198,0.766942,61
2022-10-03,11013,264065,23.008264,23.295868,22.57686,22.720661,-0.335537,24
2022-10-04,25052,596979,23.2,23.2,22.720661,22.912397,0.191736,20
2022-10-05,37601,911528,23.679339,23.679339,23.056198,23.2,0.287603,32
2022-10-06,21509,518841,23.727273,23.727273,23.008264,23.2,0.0,28
2022-10-07,1202018,31852322,24.877686,25.500826,24.06281,25.500826,2.300826,540
2022-10-11,1830928,49059286,25.836364,26.41157,24.68595,25.309091,-0.191735,1144
2022-10-12,438759,11277125,25.213223,25.213223,24.158678,24.302479,-1.006612,296
2022-10-13,220362,5436716,24.446281,24.446281,23.008264,23.008264,-1.294215,171
2022-10-14,105475,2623712,23.775207,24.254545,23.583471,23.583471,0.575207,95
2022-10-17,70149,1670998,23.583471,23.583471,22.624793,22.816529,-0.766942,70
2022-10-18,121010,3007106,22.912397,24.877686,22.912397,23.82314,1.006611,110
2022-10-19,102093,2548821,24.014876,24.446281,23.487603,24.350413,0.527273,78
2022-10-20,39118,973752,24.350413,24.350413,23.727273,23.919008,-0.431405,51
2022-10-21,103865,2616704,24.829752,24.829752,23.775207,23.871074,-0.047934,100
2022-10-24,45109,1127115,23.871074,24.254545,23.82314,23.871074,0.0,43
2022-10-25,30857,765268,23.679339,23.966942,23.631405,23.631405,-0.239669,43
2022-10-26,28061,694619,24.158678,24.158678,23.583471,23.583471,-0.047934,29
2022-10-27,77097,1897876,23.583471,23.919008,23.439669,23.727273,0.143802,79
2022-10-28,24059,596257,24.06281,24.06281,23.631405,23.679339,-0.047934,26
2022-10-31,44006,1087001,23.679339,24.110744,23.247934,24.06281,0.383471,43
2022-11-01,47704,1205523,24.158678,24.590083,24.06281,24.110744,0.047934,45
2022-11-02,108346,2801959,24.110744,25.213223,24.110744,24.494215,0.383471,81
2022-11-03,5177,132588,24.542149,24.590083,24.542149,24.590083,0.095868,12
2022-11-04,36291,941459,24.733884,25.165289,24.733884,25.021488,0.431405,45
2022-11-07,80408,2139813,25.309091,25.740496,25.117355,25.644628,0.62314,74
2022-11-08,139282,3779214,25.884298,26.363636,25.692562,25.78843,0.143802,97
2022-11-09,137696,3810376,26.171901,27.130579,26.171901,26.267769,0.479339,164
2022-11-10,800997,23492311,28.856198,28.856198,26.842975,26.842975,0.575206,475
2022-11-11,406488,11748431,27.466116,28.089256,27.322314,27.705785,0.86281,326
2022-11-14,690693,21328341,29.479339,30.342149,29.095868,29.719008,2.013223,495
2022-11-15,361494,11136152,29.62314,29.814876,29.239669,29.479339,-0.239669,229
2022-11-16,185917,5596039,29.527273,29.527273,28.664463,28.808264,-0.671075,168
2022-11-17,146301,4351629,29.047934,29.047934,28.280992,28.328926,-0.479338,132
2022-11-18,190415,5660747,28.472727,29.047934,27.945455,28.760331,0.431405,161
2022-11-21,92003,2771289,28.904132,29.143802,28.760331,28.952066,0.191735,73
2022-11-22,105550,3173994,29.191736,29.191736,28.664463,28.904132,-0.047934,97
2022-11-23,74344,2233498,28.904132,29.095868,28.568595,28.904132,0.0,80
2022-11-24,63094,1902517,28.904132,29.095868,28.760331,29.0,0.095868,62
2022-11-25,118511,3591579,28.904132,29.431405,28.808264,29.239669,0.239669,98
2022-11-28,80560,2454764,29.191736,29.527273,29.0,29.431405,0.191736,85
2022-11-29,111105,3380920,28.760331,29.527273,28.760331,29.383471,-0.047934,82
2022-11-30,553540,18019870,29.239669,32.21157,29.143802,31.636364,2.252893,485
2022-12-01,356189,11813976,32.163636,32.499174,30.917355,31.828099,0.191735,286
2022-12-02,511920,17440161,32.019835,33.505785,31.732231,32.259504,0.431405,368
2022-12-05,168997,5726453,32.259504,32.786777,32.259504,32.355372,0.095868,331
2022-12-06,175402,5829293,32.355372,32.355372,31.58843,31.58843,-0.766942,148
2022-12-07,89088,2918832,31.58843,31.58843,30.965289,31.492562,-0.095868,81
2022-12-08,70487,2338715,31.732231,32.163636,31.58843,32.115702,0.62314,78
2022-12-09,371003,12740423,32.115702,33.505785,32.115702,33.122314,1.006612,296
2022-12-12,1048780,38187233,35.279339,35.854545,34.033058,34.368595,1.246281,819
2022-12-13,914689,33633513,34.895868,35.758678,34.704132,35.471074,1.102479,762
2022-12-14,658475,24546037,35.471074,36.28595,35.231405,35.231405,-0.239669,532
2022-12-15,283825,10442508,35.231405,35.758678,34.8,34.991736,-0.239669,229
2022-12-16,228627,8281694,34.512397,35.42314,34.224793,34.464463,-0.527273,213
2022-12-19,200031,7288509,34.224793,35.66281,34.224793,35.66281,1.198347,155
2022-12-20,379291,13802471,36.142149,36.28595,33.985124,34.656198,-1.006612,372
2022-12-21,151228,5512802,34.704132,35.231405,34.608264,34.991736,0.335538,142
2022-12-22,196516,7196564,35.183471,35.614876,34.752066,34.752066,-0.23967,142
2022-12-23,112750,4050978,34.512397,34.8,33.985124,34.8,0.047934,113
2022-12-26,87149,3189291,34.8,35.375207,34.8,35.087603,0.287603,76
2022-12-27,119409,4344666,35.66281,35.66281,34.608264,34.991736,-0.095867,114
2022-12-28,207161,7464723,34.895868,34.895868,34.320661,34.368595,-0.623141,106
2022-12-29,318660,11456248,34.033058,35.519008,33.170248,35.471074,1.102479,217
2022-12-30,335342,12525583,35.854545,36.046281,35.42314,35.66281,0.191736,389
2023-01-03,157159,5912054,36.238017,36.238017,35.66281,36.142149,0.479339,454
2023-01-04,703888,27139403,36.142149,38.25124,35.854545,36.046281,-0.095868,705
2023-01-05,856376,33584935,36.238017,38.203306,36.238017,38.203306,2.157025,634
2023-01-06,459910,18118339,38.25124,38.970248,37.004959,38.155372,-0.047934,604
2023-01-09,487117,18985562,38.347107,38.347107,36.669421,37.580165,-0.575207,780
2023-01-10,462673,17529691,37.532231,37.532231,35.566942,35.566942,-2.013223,350
2023-01-11,879173,33929427,38.155372,38.25124,35.566942,36.429752,0.86281,582
2023-01-12,357463,13752442,37.004959,37.484298,35.854545,36.573554,0.143802,298
2023-01-13,340460,12702486,36.957025,37.196694,34.847934,34.847934,-1.72562,314
2023-01-16,104414,3783984,34.991736,35.087603,34.416529,34.512397,-0.335537,120
2023-01-17,272361,9640229,34.272727,34.512397,33.649587,33.649587,-0.86281,221
2023-01-30,377889,13950708,34.512397,36.28595,34.033058,35.950413,2.300826,319
2023-01-31,115592,4336205,35.950413,36.381818,35.710744,35.758678,-0.191735,178
2023-02-01,381077,14602264,35.42314,37.196694,35.42314,36.909091,1.150413,347
2023-02-02,177667,6814552,37.38843,37.38843,36.429752,36.765289,-0.143802,256
2023-02-03,179169,6897093,36.765289,37.292562,36.429752,36.429752,-0.335537,282
2023-02-06,360573,14010298,36.429752,37.867769,36.429752,36.621488,0.191736,321
2023-02-07,738757,28819403,37.340496,37.867769,36.52562,37.867769,1.246281,462
2023-02-08,512331,20046540,37.915702,38.490909,37.004959,37.676033,-0.191736,396
2023-02-09,586703,23267211,37.723967,38.490909,36.909091,38.155372,0.479339,439
2023-02-10,400866,15495329,38.107438,38.155372,36.429752,36.477686,-1.677686,407
2023-02-13,1483454,51240508,33.93719,34.368595,32.834711,32.882645,-3.595041,870
2023-02-14,432653,14709798,32.834711,33.122314,32.067769,32.499174,-0.383471,378
2023-02-15,266122,8920757,32.499174,32.499174,31.923967,32.067769,-0.431405,277
2023-02-16,98518,3346149,32.259504,32.786777,32.21157,32.642975,0.575206,144
2023-02-17,172378,5819896,32.595041,32.595041,32.115702,32.21157,-0.431405,192
2023-02-20,130424,4412476,32.307438,32.882645,32.115702,32.738843,0.527273,155
2023-02-21,143055,4926122,32.786777,33.170248,32.786777,32.978512,0.239669,142
2023-02-22,157584,5337327,32.978512,32.978512,32.163636,32.690909,-0.287603,175
2023-02-23,99452,3385397,32.690909,33.07438,32.45124,32.45124,-0.239669,142
2023-02-24,120947,4086896,33.026446,33.026446,32.259504,32.307438,-0.143802,127
2023-03-01,496742,17656921,32.307438,34.991736,32.259504,33.841322,1.533884,477
2023-03-02,143366,5055916,33.841322,34.128926,33.553719,33.841322,0.0,191
2023-03-03,218759,7823789,34.895868,35.279339,33.697521,34.033058,0.191736,256
2023-03-06,286105,10401846,34.17686,35.279339,34.17686,34.895868,0.86281,306
2023-03-07,331394,12266977,34.991736,36.238017,34.943802,34.943802,0.047934,419
2023-03-08,178353,6589490,35.087603,35.758678,35.039669,35.327273,0.383471,191
2023-03-09,169278,6125007,35.471074,35.471074,34.512397,34.512397,-0.814876,333
2023-03-10,147759,5285187,34.512397,34.991736,33.841322,34.895868,0.383471,165
2023-03-13,519231,19309603,35.039669,36.333884,34.8,35.566942,0.671074,451
2023-03-14,196711,7343408,35.471074,36.238017,35.471074,35.566942,0.0,206
2023-03-15,168199,6316086,35.566942,36.381818,35.566942,35.758678,0.191736,152
2023-03-16,145187,5350866,35.566942,36.142149,34.416529,34.943802,-0.814876,301
2023-03-17,132272,4887965,35.471074,35.758678,34.752066,35.519008,0.575206,204
2023-03-20,61191,2257324,35.950413,35.950413,34.847934,35.231405,-0.287603,111
2023-03-21,152317,5675156,35.279339,36.142149,35.039669,36.142149,0.910744,141
2023-03-22,115121,4346513,36.238017,36.429752,36.046281,36.094215,-0.047934,209
2023-03-23,165329,6239296,35.710744,36.573554,35.710744,36.142149,0.047934,135
2023-03-24,585947,21255362,36.381818,36.381818,33.93719,34.272727,-1.869422,600
2023-03-27,191052,6912172,34.320661,35.087603,34.320661,34.320661,0.047934,785
2023-03-28,111559,3927545,34.416529,34.416529,33.457851,33.841322,-0.479339,393
2023-03-29,160913,5626090,34.033058,34.033058,33.31405,33.361983,-0.479339,309
2023-03-30,66155,2322849,33.745455,33.889256,33.553719,33.649587,0.287604,164
2023-03-31,94364,3343706,33.793388,34.272727,33.745455,33.889256,0.239669,208
2023-04-06,71705,2569445,33.649587,34.752066,33.601653,34.512397,0.623141,307
2023-04-07,72408,2608818,34.704132,34.991736,34.224793,34.224793,-0.287604,252
2023-04-10,109207,3881022,34.416529,34.416529,33.93719,33.93719,-0.287603,267
2023-04-11,221437,7980221,34.416529,34.847934,33.985124,34.512397,0.575207,255
2023-04-12,184690,6706925,34.560331,35.183471,34.512397,34.752066,0.239669,235
2023-04-13,78930,2841521,34.895868,34.991736,34.128926,34.128926,-0.62314,296
2023-04-14,133560,4736603,34.17686,34.224793,33.889256,33.889256,-0.23967,299
2023-04-17,124281,4415776,34.224793,34.416529,33.841322,33.841322,-0.047934,436
2023-04-18,89205,3164058,34.416529,34.416529,33.697521,33.889256,0.047934,419
2023-04-19,86516,3059422,33.93719,34.17686,33.793388,33.793388,-0.095868,459
2023-04-20,166946,5876613,34.512397,34.512397,33.361983,33.361983,-0.431405,282
2023-04-21,187726,6430798,33.122314,33.409917,32.355372,32.45124,-0.910743,239
2023-04-24,212433,7039580,32.355372,32.355372,31.58843,31.732231,-0.719009,293
2023-04-25,156713,5106193,31.444628,31.876033,30.821488,30.821488,-0.910743,194
2023-04-26,136450,4421181,30.869421,31.492562,30.773554,31.157025,0.335537,110
2023-04-27,30451,988587,30.869421,31.444628,30.821488,31.109091,-0.047934,95
2023-04-28,74435,2447999,31.34876,31.780165,31.34876,31.684298,0.575207,84
2023-05-02,67012,2232964,31.732231,32.163636,31.636364,32.115702,0.431404,114
2023-05-03,35552,1190441,31.923967,32.259504,31.923967,32.115702,0.0,41
2023-05-04,21963,733062,31.923967,32.115702,31.923967,32.067769,-0.047933,33
2023-05-05,47516,1587184,32.21157,32.307438,31.876033,31.971901,-0.095868,43
2023-05-08,93984,3127615,31.923967,32.307438,31.684298,31.780165,-0.191736,168
2023-05-09,66754,2175791,31.684298,31.684298,30.917355,31.061157,-0.719008,134
2023-05-10,113308,3746361,31.157025,32.115702,31.157025,32.019835,0.958678,89
2023-05-11,204328,6637025,31.876033,32.307438,30.48595,30.581818,-1.438017,129
2023-05-12,55202,1742922,30.48595,30.677686,30.054545,30.390083,-0.191735,71
2023-05-15,51810,1644871,30.677686,30.677686,30.246281,30.390083,0.0,49
2023-05-16,166641,5269079,29.958678,31.109091,29.814876,31.013223,0.62314,123
2023-05-17,71580,2311762,30.869421,31.252893,30.869421,31.109091,0.095868,56
2023-05-18,83095,2699770,31.34876,31.444628,30.965289,31.109091,0.0,69
2023-05-19,26108,848299,31.157025,31.396694,30.965289,31.061157,-0.047934,29
2023-05-22,242906,7928444,31.492562,31.923967,30.869421,31.109091,0.047934,142
2023-05-23,842870,29163974,31.252893,34.17686,31.061157,34.128926,3.019835,714
2023-05-24,2337783,86118972,35.087603,35.950413,34.8,35.614876,1.48595,1660
2023-05-25,417311,15108227,34.991736,35.183471,34.320661,34.512397,-1.102479,355
2023-05-26,247772,8773314,34.991736,34.991736,33.170248,33.170248,-1.342149,290
2023-05-29,201579,7010621,33.985124,33.985124,33.07438,33.553719,0.383471,159
2023-05-30,91627,3180360,33.361983,33.553719,33.122314,33.31405,-0.239669,93
2023-05-31,110907,3869751,33.505785,33.841322,33.31405,33.31405,0.0,98
2023-06-01,81106,2821780,33.170248,33.745455,33.170248,33.266116,-0.047934,59
2023-06-02,139515,4884512,33.31405,34.033058,33.122314,33.457851,0.191735,115
2023-06-05,157387,5541546,34.320661,34.320661,33.457851,33.505785,0.047934,143
2023-06-06,134099,4597152,33.457851,33.457851,32.547107,32.547107,-0.958678,207
2023-06-07,141498,4878066,32.595041,33.553719,32.595041,33.553719,1.006612,123
2023-06-08,1668686,64215183,36.909091,36.909091,36.381818,36.909091,3.355372,942
2023-06-09,4382574,175413902,37.340496,39.689256,36.52562,38.107438,1.198347,2917
2023-06-12,2695033,115448190,40.168595,41.894215,39.305785,41.894215,3.786777,1577
2023-06-13,8239429,378507840,46.064463,46.064463,42.277686,43.18843,1.294215,4524
2023-06-14,3155751,146213923,44.099174,45.345455,43.619835,44.195041,1.006611,2394
2023-06-15,4215446,202783812,44.67438,47.358678,44.67438,45.920661,1.72562,3040
2023-06-16,2522441,120818707,46.304132,46.879339,44.866116,46.016529,0.095868,1707
2023-06-19,1717588,83351312,46.975207,47.358678,45.633058,45.633058,-0.383471,1276
2023-06-20,1325062,63989504,46.160331,47.26281,45.728926,46.016529,0.383471,991
2023-06-21,1869458,90391305,46.543802,46.975207,45.633058,46.4,0.383471,1187
2023-06-26,1456301,67751475,46.7,47.4,45.15,45.15,-1.25,999
2023-06-27,1193951,51791686,45.35,45.55,42.5,43.0,-2.15,904
2023-06-28,465435,20262638,43.5,44.4,43.0,43.0,0.0,394
2023-06-29,576948,24523687,43.05,43.7,42.05,42.05,-0.95,435
2023-06-30,1232030,50489154,42.0,42.5,40.1,41.65,-0.4,800
2023-07-03,1189789,51428864,41.7,44.7,41.6,44.5,2.85,882
2023-07-04,927682,40673410,44.5,44.95,43.25,43.55,-0.95,724
2023-07-05,809617,35231155,43.7,44.3,42.95,43.05,-0.5,607
2023-07-06,585663,24876806,43.05,43.95,41.7,41.75,-1.3,492
2023-07-07,773837,31764894,41.75,41.9,40.2,41.8,0.05,546
2023-07-10,494766,20266693,41.8,41.8,40.55,40.75,-1.05,369
2023-07-11,764181,30999645,41.0,41.75,40.1,40.5,-0.25,561
2023-07-12,683279,26999533,40.6,40.7,39.0,39.0,-1.5,571
2023-07-13,436932,17386744,39.2,40.4,39.2,39.4,0.4,363
2023-07-14,295024,11806750,39.5,40.5,39.4,40.2,0.8,245
2023-07-17,289628,11771667,40.3,41.15,39.75,40.55,0.35,404
2023-07-18,502875,20001018,41.0,41.25,39.1,39.25,-1.3,399
2023-07-19,473538,18408090,39.25,39.7,38.5,38.65,-0.6,326
2023-07-20,370576,14635077,38.7,40.1,38.4,39.7,1.05,271
2023-07-21,337191,13213798,39.5,40.4,38.9,38.9,-0.8,281
2023-07-24,422473,16021224,39.15,39.15,37.45,37.6,-1.3,434
2023-07-25,345031,13162949,37.6,38.7,37.4,38.45,0.85,298
2023-07-26,290368,11086536,38.8,38.8,37.85,38.0,-0.45,241
2023-07-27,194152,7497916,37.9,38.9,37.9,38.7,0.7,180
2023-07-28,217419,8274300,38.65,38.65,37.8,38.05,-0.65,201
2023-07-31,400613,15333816,38.7,39.15,37.6,37.65,-0.4,442
2023-08-01,239763,9055661,37.8,38.3,37.4,38.25,0.6,238
2023-08-02,514405,18942627,38.0,38.2,36.05,36.3,-1.95,866
2023-08-04,307859,11223050,35.3,37.5,35.25,37.0,0.7,253
2023-08-07,222477,8217101,36.45,37.5,36.3,37.3,0.3,176
2023-08-08,131555,4874231,37.5,37.8,36.7,37.0,-0.3,138
2023-08-09,129002,4741328,36.95,37.2,36.35,36.8,-0.2,127
2023-08-10,335127,11873160,36.6,36.6,35.1,35.1,-1.7,466
2023-08-11,495272,18175195,35.9,37.8,35.9,36.0,0.9,466
2023-08-14,211865,7454255,35.65,35.85,34.85,35.0,-1.0,290
2023-08-15,169557,6012270,35.0,36.15,35.0,35.8,0.8,141
2023-08-16,157836,5522877,35.15,35.5,34.5,35.35,-0.45,164
2023-08-17,106653,3794133,34.7,35.9,34.7,35.6,0.25,107
2023-08-18,155311,5487958,35.35,36.2,35.15,35.2,-0.4,131
2023-08-21,92412,3261085,35.2,35.95,35.05,35.05,-0.15,113
2023-08-22,245126,8562549,35.1,35.7,34.55,34.9,-0.15,272
2023-08-23,241212,8411490,34.5,35.4,34.4,34.75,-0.15,213
2023-08-24,169332,5984887,34.8,35.8,34.8,35.05,0.3,135
2023-08-25,120207,4193015,35.05,35.35,34.6,34.65,-0.4,103
2023-08-28,202822,6923799,34.7,34.7,33.95,33.95,-0.7,287
2023-08-29,118672,4039993,33.7,34.25,33.7,34.1,0.15,67
2023-08-30,117161,4006533,34.3,34.6,34.0,34.15,0.05,98
2023-08-31,97421,3321195,33.95,34.45,33.95,34.45,0.3,128
2023-09-01,196603,6824404,34.2,35.15,34.15,35.15,0.7,157
2023-09-04,116452,4135908,35.1,35.75,35.0,35.45,0.3,150
2023-09-05,109009,3860453,35.15,35.8,35.15,35.25,-0.2,217
2023-09-06,92853,3280935,35.4,35.6,35.1,35.6,0.35,92
2023-09-07,61437,2171964,35.5,35.6,35.1,35.4,-0.2,56
2023-09-08,99120,3478921,35.05,35.45,34.85,35.05,-0.35,78
2023-09-11,244650,8246753,34.55,34.55,33.25,33.4,-1.65,191
2023-09-12,220553,7341142,33.4,33.7,33.1,33.2,-0.2,206
2023-09-13,125901,4250752,33.1,34.35,33.1,34.35,1.15,142
2023-09-14,83153,2826757,34.35,34.35,33.85,34.1,-0.25,83
2023-09-15,93801,3176679,34.1,34.35,33.65,33.8,-0.3,92
2023-09-18,94732,3205194,33.6,34.35,33.4,34.2,0.4,114
2023-09-19,69320,2339101,33.8,34.1,33.5,34.0,-0.2,78
2023-09-20,183191,6093355,34.0,34.0,33.05,33.05,-0.95,147
2023-09-21,114372,3718479,33.1,33.1,32.2,32.5,-0.55,121
2023-09-22,77165,2517172,32.4,32.9,32.2,32.65,0.15,70
2023-09-25,83455,2762606,32.65,33.5,32.6,33.2,0.55,78
2023-09-26,164070,5421914,33.0,33.35,32.65,33.0,-0.2,93
2023-09-27,98075,3171847,32.5,32.75,32.15,32.75,-0.25,98
2023-09-28,107587,3483836,33.0,33.0,32.2,32.75,0.0,108
2023-10-02,138348,4510582,32.8,32.85,32.3,32.5,-0.25,139
2023-10-03,123870,4031062,32.8,32.95,32.25,32.25,-0.25,137
2023-10-04,98314,3124992,31.8,32.5,31.5,32.5,0.25,77
2023-10-05,67137,2188765,32.6,32.75,32.45,32.75,0.25,66
2023-10-06,62124,2027739,32.45,32.9,32.45,32.6,-0.15,84
2023-10-11,129139,4115838,32.45,32.45,31.2,31.65,-0.95,220
2023-10-12,35429,1126374,31.65,31.95,31.65,31.85,0.2,60
2023-10-13,79722,2546396,32.0,32.35,31.65,32.1,0.25,114
2023-10-16,94274,3003404,32.1,32.15,31.6,31.6,-0.5,81
2023-10-17,97494,3077276,31.65,32.15,31.2,31.6,0.0,130
2023-10-18,74520,2327252,31.6,31.6,31.0,31.05,-0.55,80
2023-10-19,86638,2686099,31.05,31.5,30.75,31.2,0.15,85
2023-10-20,111634,3411440,31.2,31.2,30.2,30.7,-0.5,103
2023-10-23,122256,3726004,30.7,30.8,30.25,30.5,-0.2,99
2023-10-24,126792,3832732,30.5,30.5,30.0,30.45,-0.05,123
2023-10-25,105034,3202948,30.5,30.7,30.4,30.6,0.15,93
2023-10-26,147639,4439809,30.6,30.6,29.7,29.85,-0.75,175
2023-10-27,48561,1453954,29.95,30.05,29.85,29.9,0.05,67
2023-10-30,45497,1350658,29.9,30.0,29.3,29.7,-0.2,74
2023-10-31,139544,4066187,30.15,30.15,28.5,28.5,-1.2,102
2023-11-01,355100,10016793,28.5,28.8,28.0,28.6,0.1,173
2023-11-02,99126,2893936,28.9,29.45,28.9,29.4,0.8,70
2023-11-03,86373,2547759,29.5,29.6,29.3,29.5,0.1,63
2023-11-06,129039,3815811,29.6,29.8,29.0,29.8,0.3,84
2023-11-07,69023,2065438,29.8,30.1,29.75,30.0,0.2,59
2023-11-08,48803,1465749,30.0,30.35,29.85,30.2,0.2,56
2023-11-09,131185,3858453,29.2,29.95,29.2,29.6,-0.6,131
2023-11-10,54093,1578684,29.55,29.55,29.1,29.1,-0.5,53
2023-11-13,21460,622690,28.9,29.2,28.9,29.0,-0.1,74
2023-11-14,80148,2330502,29.0,29.45,28.95,28.95,-0.05,75
2023-11-15,144565,4210552,29.15,29.4,28.8,29.4,0.45,85
2023-11-16,61824,1812684,29.35,29.65,29.1,29.65,0.25,86
2023-11-17,169551,5127471,29.65,30.5,29.65,30.5,0.85,166
2023-11-20,101563,3133988,30.7,31.3,30.55,30.75,0.25,157
2023-11-21,106130,3300105,31.3,31.3,30.95,31.15,0.4,197
2023-11-22,104668,3286961,31.2,31.55,31.2,31.35,0.2,112
2023-11-23,214876,6709328,31.6,31.6,30.95,31.5,0.15,154
2023-11-24,65165,2039804,31.8,31.8,31.15,31.35,-0.15,133
2023-11-27,44135,1364861,31.1,31.1,30.85,30.85,-0.5,63
2023-11-28,39093,1198553,30.85,30.85,30.3,30.8,-0.05,98
2023-11-29,47260,1455559,30.8,30.95,30.6,30.95,0.15,120
2023-11-30,54478,1673918,30.6,31.0,30.6,31.0,0.05,85
2023-12-01,67984,2113604,31.1,31.2,30.9,31.15,0.15,72
2023-12-04,51441,1604639,31.15,31.3,31.15,31.15,0.0,58
2023-12-05,72428,2251675,31.3,31.3,30.95,31.15,0.0,125
2023-12-06,174720,5343395,31.0,31.0,30.45,30.8,-0.35,196
2023-12-07,59820,1840276,30.9,30.9,30.6,30.6,-0.2,82
2023-12-08,37253,1141822,30.6,30.9,30.6,30.9,0.3,55
2023-12-11,102181,3070073,30.5,30.5,29.9,29.95,-0.95,191
2023-12-12,25901,775507,29.7,30.0,29.7,30.0,0.05,76
2023-12-13,23456,702274,29.85,30.0,29.85,30.0,0.0,115
2023-12-14,42905,1295852,30.1,30.35,30.1,30.1,0.1,64
2023-12-15,56228,1677835,30.05,30.05,29.7,29.8,-0.3,134
2023-12-18,38976,1155833,29.8,29.8,29.6,29.6,-0.2,133
2023-12-19,50063,1471348,29.7,29.7,29.3,29.4,-0.2,152
2023-12-20,48353,1422663,29.75,29.75,29.3,29.45,0.05,60
2023-12-21,32409,950897,29.3,29.7,29.2,29.55,0.1,38
2023-12-22,31556,933136,29.55,29.65,29.55,29.65,0.1,41
2023-12-25,21113,625098,29.5,29.7,29.5,29.65,0.0,42
2023-12-26,100982,2971529,29.5,29.65,29.35,29.65,0.0,96
2023-12-27,34148,1014682,29.75,29.8,29.65,29.8,0.15,60
2023-12-28,35206,1048770,29.8,29.85,29.65,29.85,0.05,48
2023-12-29,60208,1807238,30.4,30.4,29.95,30.0,0.15,62
2024-01-02,19340,578400,30.05,30.05,29.7,30.0,0.0,39
2024-01-03,20623,614204,29.5,30.0,29.5,30.0,0.0,52
2024-01-04,48603,1438782,29.95,29.95,29.25,29.8,-0.2,65
2024-01-05,19168,569627,29.8,29.95,29.5,29.95,0.15,48
2024-01-08,21888,653138,29.9,29.9,29.7,29.9,-0.05,60
2024-01-09,25374,750898,29.7,29.85,29.5,29.65,-0.25,48
2024-01-10,24893,734249,29.25,29.75,29.25,29.75,0.1,58
2024-01-11,44828,1315165,29.4,29.75,29.2,29.25,-0.5,65
2024-01-12,42275,1226203,29.0,29.2,28.85,29.1,-0.15,74
2024-01-15,23412,682684,29.45,29.45,29.05,29.05,-0.05,61
2024-01-16,21763,631334,29.1,29.1,28.9,28.9,-0.15,51
2024-01-17,31474,904153,29.0,29.0,28.4,28.95,0.05,105
2024-01-18,21329,617355,28.95,29.4,28.7,29.1,0.15,64
2024-01-19,36880,1073349,29.2,29.3,28.95,29.3,0.2,90
2024-01-22,33300,968888,29.05,29.25,29.0,29.15,-0.15,87
2024-01-23,39481,1146658,29.1,29.3,28.9,29.1,-0.05,78
2024-01-24,572602,17542685,29.3,31.55,29.1,30.45,1.35,441
2024-01-25,1857796,60323031,30.65,33.3,30.65,32.5,2.05,1404
2024-01-26,437388,13943380,32.3,32.3,31.35,31.35,-1.15,499
2024-01-29,197000,6248407,31.3,32.05,31.0,31.85,0.5,259
2024-01-30,164368,5139835,31.65,31.65,31.0,31.6,-0.25,286
2024-01-31,145639,4539913,31.5,31.95,30.9,30.95,-0.65,154
2024-02-01,127342,3902276,31.2,31.2,30.55,30.55,-0.4,146
2024-02-02,104849,3183546,30.6,30.6,30.2,30.25,-0.3,145
2024-02-05,146531,4448577,30.3,30.95,30.1,30.15,-0.1,194
2024-02-15,156340,4675889,30.2,30.2,29.75,29.8,-0.35,186
2024-02-16,55672,1679490,29.8,30.5,29.8,30.1,0.3,117
2024-02-19,103163,3145445,30.55,30.7,30.35,30.4,0.3,203
2024-02-20,134846,4168944,31.55,31.55,30.4,30.65,0.25,205
2024-02-21,151022,4590680,30.8,30.8,30.2,30.45,-0.2,232
2024-02-22,108037,3313242,30.7,30.8,30.45,30.75,0.3,186
2024-02-23,78861,2415083,30.9,30.9,30.5,30.75,0.0,176
2024-02-26,83204,2544678,30.75,30.85,30.45,30.7,-0.05,251
2024-02-27,92091,2830375,31.0,31.0,30.45,30.7,0.0,137
2024-02-29,247789,7745372,30.75,31.5,30.7,31.3,0.6,288
2024-03-01,736365,23900599,31.95,32.9,31.85,32.55,1.25,641
2024-03-04,245589,8006596,32.7,33.05,32.05,32.6,0.05,365
2024-03-05,216516,6903997,32.9,32.9,31.25,31.9,-0.7,302
2024-03-06,96209,3076142,31.85,32.25,31.75,31.95,0.05,164
2024-03-07,141115,4450912,32.2,32.3,31.0,31.6,-0.35,200
2024-03-08,165653,5144020,32.0,32.0,30.5,30.8,-0.8,215
2024-03-11,62326,1906939,30.1,31.15,30.1,31.15,0.35,176
2024-03-12,175284,5574678,31.15,32.3,31.15,32.1,0.95,194
2024-03-13,162462,5131976,32.3,32.7,31.05,31.2,-0.9,227
2024-03-14,133894,4164731,30.8,31.4,30.8,31.1,-0.1,1057
2024-03-15,275962,8832458,31.85,32.35,31.5,31.85,0.75,1033
2024-03-18,1319547,45134543,32.0,35.0,32.0,35.0,3.15,1187
2024-03-19,2627448,99810531,36.9,38.5,36.7,38.5,3.5,1132
2024-03-20,11960652,488962418,42.0,42.35,38.95,39.7,1.2,8757
2024-03-21,6383696,258269785,40.1,42.2,38.5,40.95,1.25,4947
2024-03-22,2531333,100725644,40.7,41.55,39.1,39.65,-1.3,2219
2024-03-25,2401066,97376426,39.85,41.6,39.8,40.95,1.3,2180
2024-03-26,2183409,84260707,40.25,40.6,36.9,37.45,-3.5,2191
2024-03-27,4002300,161478043,37.5,41.15,37.5,41.15,3.7,2219
2024-03-28,9792024,409191483,41.75,43.7,40.1,41.8,0.65,6667
2024-03-29,1957146,78925768,41.0,41.55,39.55,39.85,-1.95,1633
2024-04-01,1489891,58063236,39.2,40.3,38.4,38.4,-1.45,1588
2024-04-02,971672,36839130,38.3,38.8,37.5,37.5,-0.9,1160
2024-04-03,790854,30061304,37.85,38.7,37.2,37.2,-0.3,848
2024-04-08,1340400,52027565,37.45,39.65,37.1,38.6,1.4,1604
2024-04-09,699028,26811149,38.4,39.35,37.8,37.8,-0.8,1059
2024-04-10,423945,16237125,38.0,38.9,38.0,38.1,0.3,1065
2024-04-11,794430,29505674,37.7,37.7,36.7,36.7,-1.4,1858
2024-04-12,482304,17786695,36.9,37.45,36.5,36.5,-0.2,757
2024-04-15,670162,25091949,38.55,38.55,36.2,36.2,-0.3,776
2024-04-16,772317,26290326,35.8,35.8,33.2,33.7,-2.5,674
2024-04-17,356954,12108575,33.9,34.2,33.6,33.7,0.0,404
2024-04-18,389365,13059848,33.7,34.0,33.3,33.3,-0.4,363
2024-04-19,581514,18548763,32.85,33.0,30.65,31.9,-1.4,534
2024-04-22,370366,11687503,32.05,32.25,31.0,31.3,-0.6,314
2024-04-23,408671,13196121,31.6,33.0,31.45,32.4,1.1,337
2024-04-24,489193,16190583,33.05,33.45,32.7,33.3,0.9,404
2024-04-25,162542,5347982,33.0,33.3,32.65,32.85,-0.45,155
2024-04-26,241267,7928358,33.05,33.5,32.4,32.8,-0.05,218
2024-04-29,157958,5201435,32.8,33.4,32.65,32.8,0.0,226
2024-04-30,137808,4469307,33.0,33.1,32.3,32.3,-0.5,160
2024-05-02,106757,3436552,32.7,32.7,32.0,32.1,-0.2,147
2024-05-03,263298,8415059,32.35,32.6,31.65,31.8,-0.3,239
2024-05-06,136297,4346190,31.9,32.15,31.6,32.0,0.2,184
2024-05-07,518099,16952172,32.2,33.55,31.7,32.55,0.55,506
2024-05-08,170899,5550441,32.7,32.85,32.15,32.25,-0.3,161
2024-05-09,153519,4913430,32.25,32.45,31.65,31.75,-0.5,166
2024-05-10,1207428,40826253,32.2,34.9,32.2,34.9,3.15,841
2024-05-13,4335452,161702684,37.0,38.25,36.55,37.6,2.7,2996
2024-05-14,1606177,58505228,37.6,38.0,35.65,35.8,-1.8,1176
2024-05-15,1087265,39757361,35.55,37.25,35.25,37.0,1.2,882
2024-05-16,4921910,190955986,37.25,40.4,37.1,38.05,1.05,3344
2024-05-17,734456,27642412,38.0,38.35,37.1,37.8,-0.25,664
2024-05-20,628408,23166064,37.8,38.0,36.15,36.3,-1.5,534
2024-05-21,628090,23164432,36.5,37.7,35.9,37.7,1.4,549
2024-05-22,3197236,125551001,37.95,40.3,37.55,38.95,1.25,2521
2024-05-23,1042413,40335141,39.2,39.4,38.1,38.1,-0.85,938
2024-05-24,639107,24685823,38.0,39.3,37.6,38.3,0.2,647
2024-05-27,8245922,340812909,38.9,42.1,38.9,41.1,2.8,4729
2024-05-28,3477485,142032101,41.5,42.2,39.8,40.0,-1.1,2714
2024-05-29,1215609,48833999,40.05,40.9,39.1,40.55,0.55,1075
2024-05-30,1045334,41137598,40.2,40.2,38.75,38.75,-1.8,922
2024-05-31,1226692,48712019,39.6,40.5,38.8,39.55,0.8,891
2024-06-03,3687079,153127854,41.8,43.2,40.0,40.05,0.5,2806
2024-06-04,1034415,40925401,40.05,40.4,38.75,39.2,-0.85,869
2024-06-05,769182,30233897,39.2,40.1,38.5,38.9,-0.3,592
2024-06-06,473960,18360881,39.25,39.5,38.3,38.4,-0.5,533
2024-06-07,407240,15762004,38.2,39.2,38.2,38.7,0.3,305
2024-06-11,915845,33707893,38.7,38.7,36.1,36.55,-2.15,653
2024-06-12,376262,13707576,36.55,36.85,35.95,36.8,0.25,338
2024-06-13,327650,11976557,37.0,37.2,36.15,36.15,-0.65,360
2024-06-14,440989,16181719,36.25,37.35,36.25,36.3,0.15,540
2024-06-17,233546,8527531,36.9,36.95,36.2,36.65,0.35,330
2024-06-18,293611,10715023,36.35,36.9,36.15,36.7,0.05,281
2024-06-19,348644,12716507,37.0,37.25,35.9,36.05,-0.65,322
2024-06-20,1178430,44533167,36.05,38.95,36.05,38.5,2.45,925
2024-06-21,4046159,165323922,38.0,42.35,37.9,42.35,3.85,2145
2024-06-24,17965501,823523627,44.1,46.55,44.1,45.4,3.05,9733
2024-06-25,6431346,282442813,45.35,45.7,42.2,44.5,-0.9,4339
2024-06-26,3673481,161091208,44.5,45.5,42.65,43.65,-0.85,2621
2024-06-27,5335612,250139326,44.4,48.0,43.7,48.0,4.35,3202
2024-06-28,14626163,700573760,47.6,49.9,46.3,47.1,-0.9,8689
2024-07-01,3296681,150378262,47.0,47.0,44.8,44.8,-2.3,2497
2024-07-02,12582276,603776373,45.1,49.25,45.1,47.55,2.75,7406
2024-07-03,11106303,555021767,48.0,52.3,46.8,52.3,4.75,6216
2024-07-04,5193344,293428729,55.0,57.5,54.0,57.5,5.2,2511
2024-07-05,16874096,1027944709,62.5,63.2,57.7,63.2,5.7,9536
2024-07-08,17454035,1127712655,65.7,69.5,61.0,62.8,-0.4,10746
2024-07-09,4547146,266761443,60.2,62.3,56.6,56.6,-6.2,2958
2024-07-10,10898787,622555184,55.6,59.8,52.1,57.0,0.4,7292
2024-07-11,6500543,361491143,57.1,58.3,53.2,55.4,-1.6,4895
2024-07-12,4501024,246083349,55.4,56.2,52.8,53.0,-2.4,3308
2024-07-15,3302716,174169785,53.4,54.4,51.5,51.5,-1.5,2214
2024-07-16,2348667,119342612,52.0,52.4,49.95,50.3,-1.2,1741
2024-07-17,3982213,208190214,51.5,53.7,51.1,51.4,1.1,2734
2024-07-18,2782581,142061049,50.0,53.0,49.6,49.9,-1.5,2178
2024-07-19,4439163,229555357,50.7,53.0,50.2,50.9,1.0,3248
2024-07-22,3766528,181653339,51.2,51.6,46.3,46.3,-4.6,2547
2024-07-23,2087833,99452331,48.1,49.5,46.3,46.55,0.25,1796
2024-07-26,1401503,62949768,44.45,45.9,44.15,44.5,-2.05,923
2024-07-29,1506150,65516156,45.1,45.6,42.45,42.9,-1.6,1214
2024-07-30,1022952,44452335,43.4,44.5,42.3,44.3,1.4,859
2024-07-31,3430853,159698709,43.9,48.2,43.35,47.0,2.7,2835
2024-08-01,5319159,261692835,48.0,50.6,47.3,48.75,1.75,3592
2024-08-02,2745192,132776215,47.05,49.95,46.9,47.4,-1.35,1967
2024-08-05,959594,41523362,46.2,47.0,42.7,42.7,-4.7,765
2024-08-06,2585458,102733657,42.9,43.35,38.45,38.45,-4.25,1800
2024-08-07,1660883,68838132,39.2,42.25,39.05,42.25,3.8,870
2024-08-08,2948336,127671102,40.8,45.2,40.75,42.9,0.65,2161
2024-08-09,2460982,109532506,45.1,45.7,42.9,43.2,0.3,1791
2024-08-12,1395638,59388446,43.2,44.0,41.65,42.2,-1.0,1180
2024-08-13,4391372,197536758,42.2,46.4,41.2,46.4,4.2,2800
2024-08-14,8335082,403220713,48.0,50.0,46.65,48.75,2.35,5995
2024-08-15,3678298,177848875,49.25,49.6,47.2,48.2,-0.55,2756
2024-08-16,9734977,498763978,49.2,53.0,48.65,50.8,2.6,6524
2024-08-19,5782308,301373396,51.3,53.3,50.1,52.8,2.0,4216
2024-08-20,4581887,240509424,53.5,54.0,51.1,52.6,-0.2,3328
2024-08-21,1835746,93994770,52.0,52.3,50.7,50.7,-1.9,1976
2024-08-22,2119324,105083494,51.2,51.4,48.7,49.4,-1.3,1675
2024-08-23,1720860,82817015,47.5,49.1,47.3,48.7,-0.7,1424
2024-08-26,4878392,249921341,49.0,52.9,48.4,51.7,3.0,3378
2024-08-27,14023430,775620517,51.3,56.8,51.1,56.8,5.1,8370
2024-08-28,12545279,716974202,57.0,58.8,55.5,56.0,-0.8,9203
2024-08-29,3434654,187338097,55.0,55.8,53.7,54.0,-2.0,3863
2024-08-30,6471339,359983152,54.7,57.8,53.6,54.5,0.5,5154
2024-09-02,3107034,163033464,55.7,55.7,51.2,51.2,-3.3,2541
2024-09-03,5788218,307273575,51.5,55.0,50.8,51.5,0.3,3737
2024-09-04,2567786,128847135,48.7,51.9,47.2,51.7,0.2,2147
2024-09-05,5567120,292729800,52.5,54.5,50.4,51.2,-0.5,4570
2024-09-06,1513657,76259373,51.2,51.6,49.5,49.5,-1.7,1421
2024-09-09,1223752,60510617,48.8,50.4,48.0,49.45,-0.05,1098
2024-09-10,1518274,73968688,50.3,50.5,47.1,47.2,-2.25,1250
2024-09-11,3036890,155341114,50.3,51.9,49.5,51.9,4.7,2009
2024-09-12,10250363,551627095,53.9,55.7,51.9,54.0,2.1,7238
2024-09-13,3173960,170693273,54.0,54.7,52.5,54.3,0.3,2910
2024-09-16,3724358,203909361,54.4,55.6,53.6,55.3,1.0,2803
2024-09-18,13262096,756654475,57.4,59.0,54.8,55.1,-0.2,9506
2024-09-19,2859259,156426798,55.3,56.1,54.1,54.3,-0.8,2997
2024-09-20,8282448,469386951,54.9,58.5,53.5,56.3,2.0,5757
2024-09-23,13226824,774012839,57.5,60.5,56.2,58.5,2.2,9580
2024-09-24,12957037,764899340,59.2,61.9,56.8,59.0,0.5,9967
2024-09-25,5194817,301933398,59.2,59.7,56.2,56.8,-2.2,3954
2024-09-26,2716384,152385014,57.9,57.9,55.3,55.4,-1.4,2082
2024-09-27,2553380,142449762,55.8,57.4,54.6,55.4,0.0,2033
2024-09-30,1024350,56142271,55.2,55.8,54.1,54.4,-1.0,1155
2024-10-01,3747129,213151385,54.7,58.0,54.3,57.6,3.2,3374
2024-10-04,3016270,172802496,57.3,59.0,56.0,57.1,-0.5,2793
2024-10-07,3687060,214372666,57.4,59.0,57.1,58.3,1.2,3045
2024-10-08,3338647,193560227,59.0,59.3,57.1,58.1,-0.2,3182
2024-10-09,3222151,182902962,59.3,59.3,55.2,56.3,-1.8,3349
2024-10-11,14420164,876096680,59.2,61.9,58.3,60.4,4.1,8818
2024-10-14,28479645,1839945146,62.0,66.4,60.7,66.4,6.0,15551
2024-10-15,38729114,2681834537,68.5,72.5,66.0,67.1,0.7,25460
2024-10-16,12078947,866656531,67.6,73.8,67.5,73.8,6.7,6487
2024-10-17,21179373,1549789874,76.1,76.1,71.3,73.3,-0.5,13018
2024-10-18,12292848,877317858,73.8,75.6,68.7,69.7,-3.6,8379
2024-10-21,8842495,629050805,70.6,72.8,69.1,70.4,0.7,7384
2024-10-22,7286452,523154107,69.9,74.1,69.2,74.1,3.7,5925
2024-10-23,9673329,700151326,74.2,75.2,70.8,71.6,-2.5,6798
2024-10-24,5245049,374553820,71.5,73.5,69.2,69.7,-1.9,5352
2024-10-25,3478860,238890900,70.9,71.4,67.0,67.2,-2.5,2839
2024-10-28,3431105,227096730,67.3,67.5,64.7,66.1,-1.1,2769
2024-10-29,2642482,174115456,65.8,67.5,64.7,64.8,-1.3,2365
2024-10-30,6417032,430613712,65.1,69.3,64.2,66.2,1.4,5132
2024-11-01,3728653,248852373,64.6,68.0,64.4,65.8,-0.4,3240
2024-11-04,3420037,216793344,65.5,65.9,62.3,62.4,-3.4,3008
2024-11-05,2829107,180769497,61.9,65.6,61.8,63.7,1.3,2099
2024-11-06,1696044,107959546,63.7,64.9,62.9,63.0,-0.7,1706
2024-11-07,11073962,757336000,63.8,69.3,63.8,69.3,6.3,7095
2024-11-08,12880522,876012082,70.3,71.5,65.4,65.5,-3.8,9258
2024-11-11,4015588,249852258,62.8,63.7,60.8,60.8,-4.7,3215
2024-11-12,1950868,116725713,60.2,60.7,59.0,59.5,-1.3,1509
2024-11-13,2391797,144970394,60.7,61.8,59.6,59.8,0.3,1923
2024-11-14,1570185,94057086,60.5,61.5,58.6,58.7,-1.1,1381
2024-11-15,1224090,72644870,59.4,60.3,58.7,59.2,0.5,1042
2024-11-18,1607826,91861116,59.6,59.9,56.0,56.0,-3.2,1956
2024-11-19,884008,50289300,56.7,57.4,56.1,57.4,1.4,901
2024-11-20,970718,54607717,57.4,57.5,55.5,55.6,-1.8,1127
2024-11-21,959018,52693005,56.0,56.0,54.2,54.3,-1.3,940
2024-11-22,858652,46796283,55.0,55.7,53.8,53.8,-0.5,983
2024-11-25,788348,43343212,54.6,55.5,54.5,54.9,1.1,783
2024-11-26,1110890,60394267,54.8,55.9,53.4,53.4,-1.5,1017
2024-11-27,896887,47026347,53.6,53.9,51.8,52.0,-1.4,780
2024-11-28,864123,45448884,52.7,53.3,52.0,52.2,0.2,754
2024-11-29,475804,24984601,52.8,53.2,51.9,52.5,0.3,502
2024-12-02,2871864,157994271,53.5,56.4,52.6,55.6,3.1,2413
2024-12-03,1554911,87119943,55.9,56.8,55.5,56.2,0.6,1402
2024-12-04,876633,49362255,56.5,56.9,55.8,56.2,0.0,714
2024-12-05,676505,37646724,56.4,56.7,54.9,55.5,-0.7,722
2024-12-06,721054,39964653,55.7,56.6,54.7,54.9,-0.6,715
2024-12-09,534201,28843440,55.3,55.5,53.3,54.0,-0.9,568
2024-12-10,498785,26852776,54.2,54.9,53.0,53.5,-0.5,581
2024-12-11,3708880,212987287,56.5,58.8,55.5,58.8,5.3,3498
2024-12-12,10399758,621800032,59.0,62.0,57.5,58.7,-0.1,8246
2024-12-13,2013984,115925478,58.5,59.3,56.0,56.6,-2.1,1715
2024-12-16,1252576,69551400,57.0,57.6,53.9,53.9,-2.7,1013
2024-12-17,1249029,69711644,54.2,56.6,54.2,56.2,2.3,1207
2024-12-18,1222444,67042687,56.5,56.5,53.8,54.5,-1.7,1133
2024-12-19,658414,35245197,52.9,54.1,52.6,53.9,-0.6,701
2024-12-20,2733655,155760705,54.0,58.7,54.0,57.0,3.1,2251
2024-12-23,1494177,86013107,58.2,58.2,56.8,57.6,0.6,1404
2024-12-24,1091927,62664695,57.9,58.6,56.3,56.9,-0.7,1201
2024-12-25,6263770,382927422,57.0,62.5,57.0,62.5,5.6,4306
2024-12-26,6121924,376723590,62.5,63.4,59.6,60.1,-2.4,4754
2024-12-27,1077658,63764089,59.8,61.0,58.3,58.6,-1.5,1228
2024-12-30,660394,38285142,58.1,59.3,57.2,57.7,-0.9,721
2024-12-31,743045,42473695,58.0,58.1,56.5,57.5,-0.2,741
2025-01-02,2027201,118996363,57.5,60.9,57.1,57.8,0.3,1514
2025-01-03,1572446,91755253,58.1,59.6,57.3,58.0,0.2,1573
2025-01-06,1886989,108311171,58.0,58.8,56.0,57.2,-0.8,1625
2025-01-07,2428161,142587528,58.5,60.0,57.2,57.2,0.0,2365
2025-01-08,945911,53492509,57.5,57.7,56.0,56.1,-1.1,950
2025-01-09,1469449,79358729,56.0,56.1,52.5,53.2,-2.9,1264
2025-01-10,514103,27483217,52.7,54.2,52.7,53.8,0.6,504
2025-01-13,1221259,62575777,54.0,54.0,50.0,50.0,-3.8,1132
2025-01-14,757802,38756821,50.1,51.8,50.1,51.8,1.8,675
2025-01-15,695225,35722724,52.3,52.9,50.7,50.8,-1.0,720
2025-01-16,625610,32550911,51.7,52.7,51.4,51.8,1.0,556
2025-01-17,580930,29486726,52.1,52.1,50.1,50.2,-1.6,639
2025-01-20,522293,26361122,51.0,51.0,49.8,50.5,0.3,469
2025-01-21,358446,17985929,50.4,50.9,50.0,50.0,-0.5,410
2025-01-22,681454,34113464,50.6,51.0,49.25,50.3,0.3,574
2025-02-03,424169,20695736,49.9,49.95,47.95,49.95,-0.35,609
2025-02-04,430526,21247466,50.1,50.4,48.25,49.75,-0.2,493
2025-02-05,412709,21036617,51.2,51.5,50.5,50.8,1.05,433
2025-02-06,755579,39162265,51.1,52.4,51.1,52.0,1.2,776
2025-02-07,423882,22030993,51.7,52.5,51.2,52.4,0.4,530
2025-02-10,321218,16663754,51.8,52.5,51.2,52.2,-0.2,370
2025-02-11,468431,24638613,52.2,53.2,52.1,52.2,0.0,519
2025-02-12,1017681,54548941,52.4,54.7,52.4,52.8,0.6,1178
2025-02-13,311284,16532294,53.1,53.6,52.7,53.2,0.4,555
2025-02-14,551059,29625218,52.9,54.2,52.9,53.7,0.5,722
2025-02-17,1406612,78119619,53.7,56.4,53.7,56.1,2.4,1556
2025-02-18,1670658,95222264,56.2,58.2,55.6,56.8,0.7,1500
2025-02-19,1298480,74816565,57.8,58.4,57.1,57.4,0.6,1383
2025-02-20,764703,43620440,57.7,58.1,56.3,56.8,-0.6,950
2025-02-21,531328,30285901,57.2,57.5,56.4,56.7,-0.1,539
2025-02-24,391804,22290934,56.3,57.5,56.2,56.8,0.1,696
2025-02-25,547762,30860877,56.7,57.8,55.4,55.5,-1.3,597
2025-02-26,399977,22274654,55.9,56.5,55.1,55.2,-0.3,481
2025-02-27,566657,31070539,55.4,56.8,53.9,54.1,-1.1,651
2025-03-03,389728,20463962,53.2,53.7,51.5,51.8,-2.3,571
2025-03-04,314448,16261027,50.8,52.6,50.5,52.3,0.5,394
2025-03-05,253050,13421496,52.4,53.5,52.4,53.0,0.7,345
2025-03-06,447018,23169646,52.7,53.7,51.3,51.3,-1.7,483
2025-03-07,251323,12913778,51.3,52.0,50.9,51.0,-0.3,298
2025-03-10,223792,11411061,51.0,51.6,50.5,51.0,0.0,364
2025-03-11,503265,24659635,49.6,50.0,48.25,49.8,-1.2,531
2025-03-12,200224,10081800,49.8,51.0,49.8,50.5,0.7,298
2025-03-13,446033,22629067,51.7,51.9,49.55,49.55,-0.95,703
2025-03-14,352073,17453505,49.7,50.4,48.85,49.8,0.25,479
2025-03-17,234128,11734174,50.0,50.7,49.7,50.2,0.4,359
2025-03-18,198019,9917041,50.3,50.7,49.8,49.85,-0.35,331
2025-03-19,474545,23273839,50.0,50.0,48.35,48.35,-1.5,549
2025-03-20,224173,10983494,48.8,49.6,48.5,48.85,0.5,307
2025-03-21,378038,18147326,48.85,48.9,47.5,47.5,-1.35,502
2025-03-24,507798,23778768,47.55,48.1,45.7,45.7,-1.8,649
2025-03-25,339209,15904144,46.6,47.9,46.3,46.8,1.1,498
2025-03-26,297491,13879365,47.0,47.7,46.15,46.15,-0.65,648
2025-03-27,439279,19919133,46.1,46.1,45.0,45.05,-1.1,470
2025-03-28,363933,15978022,44.55,44.85,43.3,43.7,-1.35,526
2025-03-31,833990,34451307,42.55,42.85,40.4,40.5,-3.2,910
2025-04-01,350506,14679780,41.5,42.8,40.65,42.45,1.95,462
2025-04-02,356871,15314841,42.45,43.8,41.9,43.8,1.35,452
2025-04-07,51590,2035092,39.45,39.45,39.45,39.45,-4.35,332
2025-04-08,223908,7959757,35.55,35.55,35.55,35.55,-3.9,494
2025-04-09,267127,8563521,32.0,32.9,32.0,32.0,-3.55,693
2025-04-10,1968169,67296255,33.95,35.1,33.25,33.25,1.25,1859
2025-04-11,831568,26733130,32.35,33.7,29.95,33.35,0.1,862
2025-04-14,783315,27481580,35.6,35.8,34.45,34.65,1.3,817
2025-04-15,414289,14789630,35.1,36.5,34.85,36.5,1.85,400
2025-04-16,398111,14088976,36.75,36.75,34.65,34.7,-1.8,705
2025-04-17,413533,14482291,34.8,35.5,34.35,35.15,0.45,357
2025-04-18,245564,8652299,35.15,35.7,34.85,35.3,0.15,230
2025-04-21,331880,11302728,35.3,35.3,33.45,33.45,-1.85,375
2025-04-22,367249,12418983,32.95,34.35,32.5,34.25,0.8,346
2025-04-23,1262018,46205435,34.65,37.65,34.65,36.8,2.55,1343
2025-04-24,724240,25899701,36.7,37.0,35.15,35.2,-1.6,840
2025-04-25,418365,15129890,36.1,36.5,35.7,36.5,1.3,375
2025-04-28,354076,13008879,36.4,37.2,36.35,37.0,0.5,318
2025-04-29,1279081,49478609,37.5,39.65,36.7,38.9,1.9,1095
2025-04-30,1958483,78281237,38.9,42.05,38.2,38.2,-0.7,1673
2025-05-02,651114,25374275,39.0,39.6,38.35,38.9,0.7,534
2025-05-05,495489,18423130,39.25,39.45,36.0,36.7,-2.2,561
2025-05-06,239387,8890240,36.1,37.45,36.1,37.2,0.5,223
2025-05-07,205478,7604260,37.0,37.55,36.45,37.0,-0.2,297
2025-05-08,227076,8609222,37.55,38.25,37.55,38.0,1.0,210
2025-05-09,278147,10567505,37.75,38.4,37.3,38.1,0.1,275
2025-05-12,1119394,45223034,39.8,41.3,39.6,40.7,2.6,949
2025-05-13,2346874,101752307,41.5,44.75,41.25,44.75,4.05,1598
2025-05-14,6067968,281596501,46.15,48.7,44.0,46.0,1.25,4575
2025-05-15,1754643,79646384,45.75,46.85,44.5,44.7,-1.3,1445
2025-05-16,734287,32483277,44.75,45.1,43.6,43.7,-1.0,678
2025-05-19,734847,31586699,44.2,44.2,42.35,42.7,-1.0,614
2025-05-20,452109,19214305,43.4,43.4,42.1,42.15,-0.55,421
2025-05-21,592210,25444167,43.15,43.8,42.45,42.65,0.5,479
2025-05-22,474181,19942842,41.8,43.3,41.2,42.7,0.05,426
2025-05-23,431396,18101363,42.7,42.9,41.4,41.5,-1.2,456
2025-05-26,254771,10695966,41.9,42.5,41.6,41.8,0.3,262
2025-05-27,294894,12070213,42.15,42.15,40.4,40.45,-1.35,359
2025-05-28,239739,9691298,40.9,41.3,39.9,40.0,-0.45,221
2025-05-29,277604,11149219,40.4,40.55,39.6,40.3,0.3,263
2025-06-02,274467,10675304,39.6,39.6,38.55,38.55,-1.75,299
2025-06-03,190669,7390928,38.65,39.3,38.55,38.8,0.25,169
2025-06-04,269048,10737995,39.2,40.65,39.2,39.65,0.85,259
2025-06-05,569767,23209848,39.65,41.6,39.65,40.3,0.65,459
2025-06-06,150629,6027521,40.3,40.4,39.75,40.0,-0.3,185
2025-06-09,193077,7583583,40.3,40.3,38.9,39.35,-0.65,221
2025-06-10,247797,9897177,39.35,40.2,39.35,39.6,0.25,237
2025-06-11,393643,15932581,40.5,41.2,40.0,40.25,0.65,338
2025-06-12,189040,7648751,40.2,40.8,39.7,40.4,0.15,204
2025-06-13,370779,14514609,41.0,41.0,38.35,38.4,-2.0,391
2025-06-16,219449,8282260,38.0,38.05,37.5,37.8,-0.6,207
2025-06-17,132372,5054065,37.9,38.8,37.85,38.1,0.3,144
2025-06-18,132349,5061574,37.95,38.6,37.95,38.2,0.1,119
2025-06-19,251787,9366206,38.3,38.3,36.75,36.9,-1.3,268
2025-06-20,250884,9192787,36.9,37.6,36.15,36.2,-0.7,184
2025-06-23,202846,7280657,36.2,36.85,34.75,36.7,0.5,183
2025-06-24,476642,18469671,37.2,39.5,37.2,39.05,2.35,497
2025-06-25,688606,27439423,39.65,40.8,38.65,39.5,0.45,585
2025-06-26,1786398,74119197,41.45,42.7,40.0,40.05,0.55,1521
2025-06-27,550139,21639863,40.15,40.25,38.8,39.1,-0.95,445
2025-06-30,291457,11193433,39.1,39.1,38.0,38.0,-1.1,263
2025-07-01,246004,9356153,37.75,38.85,37.65,37.65,-0.35,207
2025-07-02,238568,9092407,37.65,38.9,37.5,38.0,0.35,204
2025-07-03,1190144,47443910,38.45,40.9,38.25,39.85,1.85,967
2025-07-04,832549,32865085,40.55,40.9,37.8,37.8,-2.05,734
2025-07-07,247072,9230464,37.85,37.85,37.0,37.1,-0.7,231
2025-07-08,408649,14879559,37.1,37.1,35.95,36.1,-1.0,344
2025-07-09,230352,8401113,35.8,37.15,35.8,36.85,0.75,219
2025-07-10,232366,8677485,36.5,37.7,36.5,37.4,0.55,212
2025-07-11,896390,36713911,41.0,41.1,40.1,41.1,3.7,580
2025-07-14,5334962,225974248,42.6,45.0,40.0,40.0,-1.1,3692
2025-07-15,865472,35019646,40.1,41.0,39.8,40.7,0.7,758
2025-07-16,966965,39872283,40.6,42.0,40.6,40.85,0.15,799
2025-07-17,593817,24555987,41.45,42.1,40.85,41.1,0.25,494
2025-07-18,1428308,59758494,41.25,42.45,41.15,41.2,0.1,1129
2025-07-21,2508962,107028738,41.1,43.8,40.4,42.9,1.7,1998
2025-07-22,1686936,69286798,42.85,42.9,39.8,40.15,-2.75,1598
2025-07-23,660716,27251143,40.4,42.05,40.4,41.0,0.85,581
2025-07-24,656578,27331234,41.6,42.4,41.15,41.3,0.3,593
2025-07-25,370861,15136653,41.5,41.75,40.4,40.45,-0.85,353
2025-07-28,558097,23050049,40.65,42.0,40.2,41.7,1.25,487
2025-07-29,361710,14811223,41.8,41.8,40.55,40.6,-1.1,401
2025-07-30,297438,12223200,41.15,41.5,40.4,41.4,0.8,338
2025-07-31,602724,25197998,41.65,42.5,41.1,41.15,-0.25,721
2025-08-01,1128339,47780392,40.5,43.0,40.05,42.6,1.45,1091
2025-08-04,442190,18638238,41.7,42.55,41.3,42.15,-0.45,373
2025-08-05,874281,37569470,42.35,43.3,42.3,42.9,0.75,755
2025-08-06,4326892,198977534,43.6,47.15,43.45,47.15,4.25,3402
2025-08-07,6190938,286540249,48.7,48.8,44.5,45.1,-2.05,4756
2025-08-08,1284860,57389194,44.9,45.5,44.15,44.15,-0.95,1338
2025-08-11,1084108,46595341,43.8,43.8,42.5,42.65,-1.5,899
2025-08-12,716910,30527950,42.6,43.45,42.1,42.5,-0.15,602
2025-08-13,746632,31739085,43.15,43.45,41.5,42.25,-0.25,692
2025-08-14,830080,35808408,42.55,43.75,42.45,43.5,1.25,644
2025-08-15,4408473,205606216,44.05,47.85,43.9,47.85,4.35,3041
2025-08-18,1726203,89940848,51.2,52.6,51.2,52.6,4.75,991
2025-08-19,7456870,427572939,57.8,57.8,54.0,57.8,5.2,3683
2025-08-20,9186119,531391091,57.8,59.5,56.0,56.9,-0.9,6482
2025-08-21,5145155,292442588,57.5,59.4,54.2,55.8,-1.1,3798
2025-08-22,2244749,121821801,58.0,58.0,52.6,53.5,-2.3,1844
2025-08-25,2980871,158352910,54.7,55.7,51.7,52.3,-1.2,2037
2025-08-26,1879575,98994512,52.8,53.8,51.8,52.8,0.5,1506
2025-08-27,3248764,171928944,53.4,55.0,50.4,51.7,-1.1,2154
2025-08-28,2627949,139857324,52.3,54.4,50.9,53.4,1.7,2230
2025-08-29,2563146,137096351,53.7,55.2,52.0,53.3,-0.1,2194
2025-09-01,1388077,71439312,53.3,53.3,50.5,51.0,-2.3,1298
2025-09-02,1048617,53242104,52.4,52.4,49.7,50.3,-0.7,1052
2025-09-03,512632,26118442,51.0,51.4,50.5,50.8,0.5,490
2025-09-04,854132,43063887,51.7,51.8,49.2,49.4,-1.4,783
2025-09-05,869054,42611293,49.8,50.2,48.3,48.65,-0.75,717
2025-09-08,769702,38100734,49.6,50.2,48.55,50.0,1.35,759
2025-09-09,4815856,255457808,51.3,55.0,50.7,55.0,5.0,5041
2025-09-10,14839485,819197858,56.1,58.3,51.5,53.4,-1.6,10655
2025-09-11,3039404,154107945,52.1,52.6,49.3,49.3,-4.1,3254
2025-09-12,1051613,51958102,49.6,50.5,48.9,49.0,-0.3,910
2025-09-15,1073858,51798598,49.05,49.35,47.45,48.0,-1.0,974
2025-09-16,490834,23481933,48.3,48.85,47.3,47.9,-0.1,725
2025-09-17,470724,22863643,48.2,49.1,48.05,48.5,0.6,602
2025-09-18,1235907,61995197,48.7,51.3,48.7,51.2,2.7,1131
2025-09-19,2632260,137194753,51.8,53.1,50.8,51.3,0.1,2258
2025-09-22,725209,37104773,51.6,52.4,50.6,50.8,-0.5,942
2025-09-23,457263,23142823,51.2,51.8,50.2,50.2,-0.6,528
2025-09-24,738161,36584731,50.3,50.4,49.0,49.15,-1.05,603
2025-09-25,433058,21485678,49.2,50.5,49.15,49.3,0.15,428
2025-09-26,668433,31688252,48.8,48.85,46.5,47.0,-2.3,642
2025-09-30,350224,16804183,47.1,48.9,47.1,48.9,1.9,360
2025-10-01,306853,14960999,48.9,49.5,48.25,48.6,-0.3,436
2025-10-02,327889,15833477,49.0,49.25,47.8,47.85,-0.75,578
2025-10-03,305229,14808105,48.0,49.1,48.0,49.0,1.15,311
2025-10-07,690142,34411497,49.3,50.4,48.65,50.2,1.2,663
2025-10-08,741019,37139548,50.1,51.0,49.5,49.85,-0.35,764
2025-10-09,389264,19322836,50.3,50.5,49.05,49.5,-0.35,327
2025-10-13,807914,37573562,45.2,47.95,44.8,47.85,-1.65,514
2025-10-14,868214,40223264,48.5,48.5,45.15,45.45,-2.4,742
2025-10-15,366405,16569441,45.0,45.65,44.4,45.4,-0.05,301
2025-10-16,185731,8567660,45.7,46.5,45.4,46.45,1.05,237
2025-10-17,206567,9469706,46.15,46.45,45.5,45.5,-0.95,292
2025-10-20,184412,8463962,45.6,46.35,45.55,45.65,0.15,190
2025-10-21,961278,46550783,45.75,49.5,45.75,48.95,3.3,1546
2025-10-22,268733,12992349,48.25,49.1,48.0,48.1,-0.85,321
2025-10-23,190431,9059044,47.5,48.3,47.2,47.55,-0.55,261
2025-10-27,193730,9214199,48.3,48.3,47.3,47.4,-0.15,302
2025-10-28,325498,15153552,47.7,47.7,46.15,46.2,-1.2,415
2025-10-29,354787,16857509,46.2,48.75,46.2,47.85,1.65,360
2025-10-30,251201,11784685,48.2,48.2,46.4,47.0,-0.85,450
2025-10-31,189925,8851660,47.0,47.4,46.4,46.4,-0.6,202
2025-11-03,292458,13440228,46.15,47.1,45.5,45.5,-0.9,285
2025-11-04,249093,11341392,45.8,45.9,45.15,45.3,-0.2,209
2025-11-05,405796,18055503,45.1,45.1,44.0,44.85,-0.45,265
2025-11-06,181644,8265838,45.15,46.0,45.15,45.35,0.5,204
2025-11-07,181768,8223377,45.35,45.95,44.65,45.6,0.25,260
2025-11-10,316252,14731133,45.3,47.45,45.3,46.6,1.0,364
2025-11-11,1621125,81199493,48.9,50.9,48.9,50.2,3.6,2061
2025-11-12,2844854,151095135,50.6,54.8,50.2,51.6,1.4,2423
2025-11-13,1097506,57220825,52.5,53.1,51.1,51.4,-0.2,1492
2025-11-14,417243,21044212,50.3,51.5,50.0,50.2,-1.2,521
2025-11-17,620636,30520380,50.9,50.9,48.3,48.3,-1.9,931
2025-11-18,517953,24242512,48.3,48.3,45.8,45.95,-2.35,663
2025-11-19,349084,15887967,45.95,46.15,45.0,45.8,-0.15,358
2025-11-20,473364,22557166,46.15,48.4,46.15,48.2,2.4,579
2025-11-21,399262,18517050,46.25,47.5,45.6,46.5,-1.7,420
2025-11-24,644117,31012106,47.2,49.0,46.8,49.0,2.5,583
2025-11-25,778603,38892512,50.6,50.9,49.0,50.4,1.4,730
2025-11-26,1121937,58151464,51.0,52.7,50.7,51.7,1.3,1009
2025-11-27,688972,35985755,52.6,53.0,51.7,52.2,0.5,710
2025-11-28,400421,20839929,52.2,52.3,51.5,52.1,-0.1,410
2025-12-01,251315,13001198,51.5,52.2,51.5,51.8,-0.3,343
2025-12-02,558915,28275381,52.0,52.2,49.5,49.7,-2.1,1180
2025-12-03,506439,25393343,49.8,51.0,49.15,50.6,0.9,622
2025-12-04,1677919,88459533,51.4,54.2,51.4,51.6,1.0,1829
2025-12-05,1358949,71244928,52.1,54.0,51.2,51.8,0.2,1455
2025-12-08,650312,33165726,51.9,52.0,50.3,51.0,-0.8,928
2025-12-09,309331,15648660,51.0,51.1,50.1,50.5,-0.5,353
2025-12-10,2027070,107269928,50.5,53.8,50.5,52.5,2.0,1708
2025-12-11,2470886,120641638,52.0,52.0,47.45,47.8,-4.7,2483
2025-12-12,695047,33878462,48.55,49.15,48.3,48.35,0.55,741
2025-12-15,680105,33601620,47.9,50.1,47.5,49.85,1.5,762
2025-12-16,620337,30224396,49.85,49.85,47.6,48.9,-0.95,597
2025-12-17,589652,28942815,49.8,50.4,47.9,48.05,-0.85,577
2025-12-18,324821,15479795,48.05,48.2,47.4,47.5,-0.55,403
2025-12-19,165260,7956289,48.6,48.6,47.8,48.0,0.5,193
2025-12-22,326642,16013820,48.2,49.5,48.2,48.8,0.8,352
2025-12-23,358733,17690827,49.25,49.6,48.8,49.5,0.7,340
2025-12-24,436873,21542897,50.5,50.6,48.2,48.3,-1.2,702
2025-12-26,208218,10183112,48.8,49.3,48.3,49.05,0.75,260
2025-12-29,977580,49543897,49.8,51.3,49.5,51.0,1.95,921
2025-12-30,393063,19619758,51.1,51.1,49.1,50.8,-0.2,1141
2025-12-31,1159822,59920710,50.7,52.7,49.8,50.7,-0.1,1222
2026-01-02,547026,28237357,51.2,52.1,50.5,51.4,0.7,542
2026-01-05,537337,27014095,51.8,52.2,49.75,49.8,-1.6,1131
2026-01-06,478580,24272703,50.1,51.2,50.1,50.4,0.6,475
2026-01-07,374873,19046295,50.7,51.4,50.4,50.6,0.2,343
2026-01-08,4763592,259653360,50.9,55.6,50.8,55.6,5.0,3514
2026-01-09,6732551,363208290,56.2,56.3,51.2,53.7,-1.9,5554
2026-01-12,2195323,118669114,54.4,55.4,53.0,54.3,0.6,1578
2026-01-13,947177,50758789,54.4,54.9,52.8,53.4,-0.9,901
2026-01-14,1028276,55630990,54.3,54.7,53.4,54.4,1.0,874
2026-01-15,1006574,54343616,54.7,55.5,53.1,53.3,-1.1,994
2026-01-16,788871,41712828,53.4,54.4,52.0,52.0,-1.3,825
2026-01-19,783258,40688694,52.0,53.0,51.4,51.5,-0.5,1409
2026-01-20,558561,28805904,52.2,52.3,50.9,51.4,-0.1,703
2026-01-21,791544,39977322,51.4,51.9,49.9,50.2,-1.2,847
2026-01-22,523536,26335556,50.8,51.0,49.85,50.1,-0.1,506
2026-01-23,551324,27873280,50.4,51.6,50.0,50.1,0.0,566
2026-01-26,448254,22667084,50.8,51.4,49.8,50.9,0.8,457
2026-01-27,558020,27921393,51.0,51.4,49.5,49.55,-1.35,680
2026-01-28,608641,30737888,49.6,51.0,49.6,50.7,1.15,451
2026-01-29,3876400,208786680,51.0,55.0,50.6,54.8,4.1,3046
2026-01-30,4082246,208167280,54.0,54.0,49.55,49.8,-5.0,3760
2026-02-02,1094826,52529197,49.15,49.15,47.2,48.6,-1.2,1288
2026-02-03,792347,38247552,48.9,49.8,47.3,47.9,-0.7,776
2026-02-04,2798453,141270130,46.95,51.5,46.9,50.6,2.7,2062
2026-02-05,1872179,94529973,51.6,51.9,49.2,49.25,-1.35,2145
2026-02-06,1533081,74919775,49.65,50.2,47.4,48.65,-0.6,1507
2026-02-09,1030365,51217021,49.95,50.7,48.2,50.5,1.85,1033
2026-02-10,1431598,71528734,51.7,51.7,48.45,48.45,-2.05,1599
2026-02-11,647668,30723069,48.05,48.05,47.2,47.35,-1.1,707
2026-02-23,679906,32957218,48.8,49.45,47.0,49.2,1.85,698
2026-02-24,452623,22323205,48.9,49.95,48.85,49.1,-0.1,599
2026-02-25,674464,33685687,50.2,50.7,49.25,49.5,0.4,651
2026-02-26,1654762,84735312,49.7,52.0,49.25,50.8,1.3,1385
2026-03-02,5364239,292987410,50.7,55.8,50.2,55.0,4.2,5204
2026-03-03,6470178,389494533,59.6,60.5,58.3,60.5,5.5,4726
2026-03-04,21821762,1358681076,62.0,65.0,57.4,63.0,2.5,14751
2026-03-05,17958435,1164415232,66.0,69.3,59.8,62.8,-0.2,11701
2026-03-06,4902376,304680167,60.7,63.9,60.7,61.5,-1.3,3680
2026-03-09,2065863,115177943,56.4,56.9,55.4,55.4,-6.1,1922
2026-03-10,1902421,115836887,60.9,60.9,60.2,60.9,5.5,1030
2026-03-11,1848156,123641368,66.9,66.9,66.8,66.9,6.0,1090
2026-03-12,10017256,722190050,69.6,73.5,69.6,73.5,6.6,7834
2026-03-13,16534070,1230419771,73.5,77.3,72.0,72.8,-0.7,12038
2026-03-16,7575758,551140327,71.9,75.6,69.1,75.0,2.2,6052
2026-03-17,7789631,579335055,75.0,76.5,72.9,73.8,-1.2,6033
2026-03-18,5740369,416376541,73.8,74.5,70.0,74.0,0.2,4576
2026-03-19,6578565,492754897,74.5,77.1,73.5,75.1,1.1,4948
2026-03-20,10384566,798938451,77.2,82.0,72.4,72.9,-2.2,8048
2026-03-23,4596784,339011170,70.1,76.9,70.1,72.0,-0.9,4002
2026-03-24,4131270,297986667,74.0,75.4,69.9,71.8,-0.2,3456
2026-03-25,5634820,435361363,73.0,78.9,73.0,78.9,7.1,3714
2026-03-26,11936077,922897686,79.2,79.8,74.8,75.3,-3.6,8161
2026-03-27,3060879,225458540,74.2,76.7,71.7,74.6,-0.7,2711
2026-03-30,3154793,227781926,72.5,74.4,69.8,74.4,-0.2,2543
2026-03-31,3473311,246437141,73.0,75.1,68.3,68.9,-5.5,3036
2026-04-01,3067127,224349558,70.8,74.7,70.8,72.8,3.9,2797
2026-04-02,2742552,202988188,74.3,75.4,72.8,72.8,0.0,2741
2026-04-07,2595837,192849909,74.6,76.9,72.1,72.1,-0.7,2605
2026-04-08,4635717,354521070,74.6,77.8,74.3,76.5,4.4,4139
2026-04-09,5890715,483020523,79.7,84.1,78.3,84.1,7.6,4348
2026-04-10,8582951,711479586,90.0,90.1,79.5,79.7,-4.4,8012
2026-04-13,4956823,420592337,80.5,87.6,80.5,87.6,7.9,3738
2026-04-14,9748023,850697199,86.5,89.0,85.1,85.7,-1.9,8317
2026-04-15,4614574,384759231,85.0,87.2,81.5,82.0,-3.7,16536
2026-04-16,2234136,181378337,82.2,82.2,80.3,81.4,-0.6,5699
2026-04-17,4966646,416913325,84.0,86.0,81.6,84.6,3.2,10072
2026-04-20,5136837,451575468,85.5,91.9,85.5,85.9,1.3,16156
2026-04-21,3309247,285595217,87.2,88.2,83.7,87.6,1.7,7270
2026-04-22,2497529,218043531,87.0,89.2,86.2,86.6,-1.0,6681
2026-04-23,4092077,331182389,87.4,87.4,78.0,79.7,-6.9,13622
2026-04-24,2443359,194907023,80.2,83.5,77.1,78.3,-1.4,2551
2026-04-27,2067560,162445751,79.5,81.6,76.3,77.0,-1.3,2292
2026-04-28,1714028,135699728,77.0,80.8,76.1,80.5,3.5,1602
2026-04-29,1012604,81257462,80.5,81.5,79.2,79.8,-0.7,1234
2026-04-30,6222870,542042184,82.0,87.7,81.3,87.7,7.9,4174
2026-05-04,7723983,723599574,92.0,96.4,89.0,96.4,8.7,6330
2026-05-05,7954583,811917768,98.5,105.5,98.1,101.0,4.6,6978
2026-05-06,5784140,570188079,102.0,103.5,93.1,98.9,-2.1,5272
2026-05-07,5251578,519992067,100.0,103.5,96.0,97.3,-1.6,4606
2026-05-08,3260772,307518438,95.9,99.6,90.0,93.5,-3.8,2868
2026-05-11,1460056,149655680,102.5,102.5,102.5,102.5,9.0,1052
2026-05-12,3897693,437751614,112.0,112.5,110.0,112.5,10.0,3162
2026-05-13,4803407,584454258,113.0,123.5,113.0,123.5,11.0,2773
2026-05-14,1423383,191649839,133.5,135.5,132.0,135.5,12.0,1020
2026-05-15,7585878,1091590283,141.0,149.0,132.5,149.0,13.5,5280
2026-05-18,9651620,1404479178,148.5,153.5,138.5,144.5,-4.5,8253
2026-05-19,1611554,229106896,143.0,150.0,135.0,136.5,-8.0,1794
2026-05-20,1287073,186104458,140.0,148.5,140.0,143.5,7.0,1584
2026-05-21,955605,140871741,150.0,150.0,144.0,146.5,3.0,1183
2026-05-22,1340811,208669116,152.0,160.0,149.5,160.0,13.5,1802
2026-05-25,1107528,177086906,162.5,164.5,156.0,159.0,-1.0,1540
2026-05-26,937612,143810472,160.0,160.0,151.5,155.0,-4.0,1185
2026-05-27,1083437,164727735,155.0,156.0,149.0,155.5,0.5,1410
2026-05-28,1091163,163125701,155.5,156.0,143.0,145.0,-10.5,1515
2026-05-29,658113,99225441,149.5,152.5,148.0,151.0,6.0,850
2026-06-01,1446881,211971152,146.5,149.5,144.0,144.0,-7.0,1883
2026-06-02,3930475,557485463,144.0,149.5,136.0,140.5,-3.5,4425
2026-06-03,2638542,362478283,142.0,142.0,132.5,138.0,-2.5,2798
2026-06-04,3096097,418746948,137.0,143.0,126.0,132.5,-5.5,3537
2026-06-05,2432849,323918523,130.0,139.0,128.5,130.5,-2.0,2326
2026-06-08,3066650,379241626,117.5,131.0,117.5,127.5,-3.0,2402
2026-06-09,2208942,291204486,135.5,136.0,127.0,132.0,4.5,2255
2026-06-10,1856126,235853903,127.5,132.5,122.5,123.0,-9.0,1903
2026-06-11,3705872,433534768,119.0,121.0,112.0,115.5,-7.5,2804
2026-06-12,1266557,154168476,123.0,125.5,119.0,121.0,5.5,1261
2026-06-15,1083759,136603098,127.0,131.0,124.0,125.5,4.5,1157
2026-06-16,1560394,193476977,129.0,130.5,119.5,120.5,-5.0,1654
2026-06-17,826761,98104141,118.0,120.5,116.5,119.0,-1.5,976
2026-06-18,995930,122160181,119.0,125.0,119.0,123.0,4.0,1091
2026-06-22,1179148,147762584,125.0,129.5,122.5,123.0,0.0,1468
2026-06-23,962022,115397107,125.5,126.0,117.5,118.5,-4.5,1254
2026-06-24,1182253,144784710,118.0,127.0,117.5,122.5,4.0,1270
2026-06-25,1114914,131970897,122.5,122.5,115.0,118.5,-4.0,1348
2026-06-26,749335,86507486,117.5,118.5,113.0,113.0,-5.5,925
2026-06-29,541109,62089978,113.0,116.5,113.0,114.5,1.5,645
2026-06-30,755215,90296462,121.0,122.5,118.0,118.5,4.0,849
2026-07-01,694561,83086984,120.5,122.5,118.0,119.0,0.5,725
2026-07-02,1679438,207364225,117.0,127.5,116.0,123.0,4.0,1831
2026-07-03,980272,120940705,123.0,124.5,120.5,124.0,1.0,988
2026-07-06,1134629,142560464,125.5,128.0,124.0,124.0,0.0,1078
2026-07-07,5094443,661570203,125.5,136.0,122.5,123.0,-1.0,4107
2026-07-08,3684217,452823328,124.0,130.5,116.5,119.5,-3.5,3521
2026-07-09,4641642,595373433,124.0,131.0,124.0,126.5,7.0,3728
2026-07-13,7135329,966615561,136.0,139.0,128.5,131.0,4.5,5465
2026-07-14,4648044,573797248,140.0,140.0,118.0,119.5,-11.5,3502
2026-07-15,1783726,221765512,119.5,128.0,119.5,123.0,3.5,1803
2026-07-16,2235964,284645999,122.0,131.5,119.0,129.5,6.5,2033
2026-07-17,2516157,301514076,124.5,125.5,117.0,117.0,-12.5,2134
2026-07-20,1802909,197501819,113.5,115.0,105.5,109.5,-7.5,1484
2026-07-21,1755640,187425062,109.5,113.0,103.5,105.5,-4.0,1760
2026-07-22,1493680,163720037,107.5,112.5,106.5,111.5,6.0,1513
2026-07-23,1076048,120407942,111.5,115.5,108.5,114.5,3.0,1068
2026-07-24,908625,101348210,113.0,115.0,109.5,111.5,-3.0,750
2026-07-27,634810,69088730,111.0,112.0,106.5,108.0,-3.5,604
2026-07-28,2869255,290357242,105.0,106.0,99.2,99.2,-8.8,1386
2026-07-29,2648745,244785846,101.0,101.0,89.3,93.3,-5.9,1965
2026-07-30,1252028,111383026,91.5,94.1,84.1,86.3,-7.0,1189
2026-07-31,1071327,97831463,92.1,94.4,89.8,90.0,3.7,940
2026-08-03,1181994,114315012,90.8,99.0,88.7,99.0,9.0,1176
2026-08-04,1901961,196315758,100.5,108.0,99.8,103.5,4.5,1613
2026-08-05,1469724,162278612,108.0,113.0,106.5,113.0,9.5,2303
2026-08-06,1127812,125837683,113.0,114.0,109.0,111.0,-2.0,1075
2026-08-07,1930008,223679597,111.5,121.0,110.5,116.5,5.5,1911
2026-08-10,2038674,250047992,118.5,127.0,118.0,125.0,8.5,1919
2026-08-11,2514314,317530030,130.0,131.0,121.5,124.5,-0.5,2407
2026-08-12,2193368,284514604,126.0,133.0,124.5,131.0,6.5,2395
2026-08-13,1762694,253827936,144.0,144.0,144.0,144.0,13.0,1121
2026-08-14,6332074,997441499,154.0,158.0,154.0,158.0,14.0,6690
