date,Trading_Volume,Trading_money,open,max,min,close,spread,Trading_turnover
2015-01-05,392950,28433694,56.148164,56.850016,55.992197,56.460098,0.701852,291
2015-01-06,386604,27780023,56.460098,56.538082,55.602279,55.83623,-0.623868,253
2015-01-07,480107,34360777,55.524295,56.226147,55.212361,55.524295,-0.311935,307
2015-01-08,924306,64669025,55.83623,56.07018,53.88664,53.88664,-1.637655,466
2015-01-09,1252324,90406421,54.588493,56.927999,54.588493,56.694049,2.807409,839
2015-01-12,2093406,155455038,57.551868,59.111539,56.694049,57.005983,0.311934,1066
2015-01-13,1248298,92950550,57.005983,58.643638,56.616065,58.565654,1.559671,730
2015-01-14,1404316,106999819,58.877588,59.891375,58.643638,58.877588,0.311934,895
2015-01-15,677839,50624593,58.877588,59.189523,57.473884,58.409687,-0.467901,422
2015-01-16,869049,63440201,57.863802,58.019769,56.148164,56.148164,-2.261523,499
2015-01-19,456209,32792158,56.850016,56.927999,55.524295,55.83623,-0.311934,251
2015-01-20,383002,27644444,56.07018,57.239934,55.602279,56.304131,0.467901,248
2015-01-21,273048,19692444,56.694049,56.694049,55.758246,56.304131,0.0,182
2015-01-22,561029,41184332,56.694049,57.785819,56.538082,57.395901,1.09177,335
2015-01-23,759171,54900875,57.395901,57.707835,55.758246,56.304131,-1.09177,394
2015-01-26,330001,24031273,56.460098,57.083966,56.460098,56.772032,0.467901,213
2015-01-27,920002,68661046,57.16195,59.111539,57.083966,57.551868,0.779836,558
2015-01-28,258000,19047700,56.927999,58.25372,56.927999,57.551868,0.0,185
2015-01-29,504002,36614046,57.551868,57.551868,56.148164,57.083966,-0.467902,287
2015-01-30,280020,20568170,57.317917,57.551868,56.927999,57.395901,0.311935,173
2015-02-02,185007,13524011,57.551868,57.629851,56.694049,57.083966,-0.311935,134
2015-02-03,270104,19877842,57.083966,57.629851,57.083966,57.551868,0.467902,169
2015-02-04,1446354,108818153,57.863802,59.189523,57.863802,58.877588,1.32572,701
2015-02-05,1146283,87538179,59.111539,60.359276,58.643638,59.189523,0.311935,715
2015-02-06,551003,41262125,59.891375,59.891375,57.785819,58.097753,-1.09177,355
2015-02-09,500118,37539215,58.877588,58.877588,58.175736,58.487671,0.389918,236
2015-02-10,384150,28393617,58.643638,58.877588,56.927999,57.083966,-1.403705,270
2015-02-11,333041,24719793,57.395901,58.25372,57.395901,57.785819,0.701853,224
2015-02-12,181044,13419056,58.25372,58.25372,57.473884,57.707835,-0.077984,114
2015-02-13,161008,11924092,57.863802,58.097753,57.395901,57.785819,0.077984,102
2015-02-24,470501,34607840,57.941786,58.097753,56.927999,57.239934,-0.545885,321
2015-02-25,575111,42999125,57.239934,58.799605,57.239934,58.25372,1.013786,360
2015-02-26,207100,15476179,58.25372,58.565654,57.863802,58.097753,-0.155967,139
2015-03-02,368060,27779360,58.487671,59.34549,58.25372,58.721621,0.623868,306
2015-03-03,497189,36731940,59.033555,59.033555,57.005983,57.473884,-1.247737,333
2015-03-04,390014,28813222,57.473884,58.25372,57.005983,57.239934,-0.23395,232
2015-03-05,2596035,200586647,57.941786,61.217095,57.551868,61.217095,3.977161,1400
2015-03-06,5520302,453924936,62.386849,65.428207,61.918947,65.428207,4.211112,3055
2015-03-09,2256200,188881640,65.428207,66.052076,63.94652,65.27224,-0.155967,1581
2015-03-10,3494900,302602799,65.506191,69.249402,65.27224,67.689731,2.417491,2264
2015-03-11,2157018,187731138,67.689731,68.859484,67.065862,68.001665,0.311934,1443
2015-03-12,1354182,116888790,68.469566,68.469566,66.519977,66.831912,-1.169753,987
2015-03-13,1882710,164650420,67.377797,68.703517,67.299813,68.001665,1.169753,1193
2015-03-16,1748392,152066555,67.845698,68.54755,66.987879,66.987879,-1.013786,982
2015-03-17,1880642,159138197,67.143846,67.611747,65.350224,66.052076,-0.935803,1189
2015-03-18,4116322,361904373,66.519977,70.653106,66.36401,70.653106,4.60103,2432
2015-03-19,2609436,236035581,71.744876,72.446728,69.249402,69.795287,-0.857819,1841
2015-03-20,1683915,151662925,70.185205,71.354958,69.327386,70.341172,0.545885,1107
2015-03-23,1188502,106890808,70.96504,71.588909,69.405369,69.405369,-0.935803,807
2015-03-24,947121,85161799,70.185205,70.73109,69.405369,70.263188,0.857819,636
2015-03-25,3006658,264290557,70.341172,72.212777,65.350224,66.441994,-3.821194,1927
2015-03-26,2392783,194275038,63.166684,64.570388,62.152898,63.94652,-2.495474,1524
2015-03-27,2631025,210054454,64.414421,65.116273,60.827177,60.827177,-3.119343,1711
2015-03-30,1167481,91415079,61.295079,61.996931,60.203309,61.217095,0.389918,894
2015-03-31,1597359,129017358,61.996931,63.868536,61.451046,63.322651,2.105556,1150
2015-04-01,1285789,101664800,62.776766,62.85475,60.749194,60.983145,-2.339506,919
2015-04-02,1221658,97881999,61.295079,63.634586,61.295079,63.634586,2.651441,796
2015-04-07,933013,75814531,63.94652,64.258454,62.85475,63.088701,-0.545885,557
2015-04-08,2118500,177800996,65.116273,66.441994,64.492405,65.03829,1.949589,1472
2015-04-09,1977101,167570297,66.519977,67.221829,64.726355,65.506191,0.467901,1255
2015-04-10,1077500,89675497,66.36401,66.441994,63.94652,65.27224,-0.233951,718
2015-04-13,3397295,298028599,66.286027,69.795287,65.740142,69.795287,4.523047,1917
2015-04-14,2207723,195147747,69.327386,69.87327,68.079649,69.171418,-0.623869,1475
2015-04-15,2313343,208721622,69.171418,71.432942,69.171418,69.249402,0.077984,1505
2015-04-16,4142993,383122149,69.717303,74.084383,69.249402,72.680679,3.431277,2626
2015-04-17,1816515,170815152,72.680679,74.630268,71.822859,73.694465,1.013786,1234
2015-04-20,2074955,188191115,72.758662,73.226564,68.625533,69.015451,-4.679014,1514
2015-04-21,1706727,151264568,70.107221,71.276975,66.987879,68.079649,-0.935802,1165
2015-04-22,2255076,206902994,68.781501,72.836646,68.781501,72.836646,4.756997,1317
2015-04-23,3515779,337679153,74.084383,76.813807,73.070596,73.070596,0.23395,2335
2015-04-24,1849507,173384003,73.538498,75.176153,71.276975,72.836646,-0.23395,1202
2015-04-27,1948395,183188925,73.304547,74.864218,72.212777,73.694465,0.857819,1223
2015-04-28,1472129,137878837,73.694465,74.24035,72.368744,73.382531,-0.311934,816
2015-04-29,1981423,180586316,73.538498,73.850432,69.015451,71.510925,-1.871606,1166
2015-04-30,750330,68707530,71.510925,72.212777,70.96504,70.96504,-0.545885,499
2015-05-04,786029,72035668,72.05681,72.05681,70.96504,71.276975,0.311935,538
2015-05-05,2415008,225188637,71.588909,74.162366,70.887057,70.887057,-0.389918,1529
2015-05-06,3694603,348746114,71.354958,75.488087,71.276975,73.304547,2.41749,2365
2015-05-07,3007635,285486769,73.304547,75.56607,72.134794,72.134794,-1.169753,1913
2015-05-08,3611094,327376054,72.758662,73.304547,69.015451,69.717303,-2.417491,2125
2015-05-11,1843583,163321917,70.96504,71.198991,68.079649,69.327386,-0.389917,1151
2015-05-12,849251,76128807,69.327386,71.043024,68.313599,70.96504,1.637654,689
2015-05-13,1010025,91200463,70.96504,71.354958,69.405369,70.029238,-0.935802,731
2015-05-14,1005066,88756574,69.795287,70.575122,68.079649,68.469566,-1.559672,767
2015-05-15,978051,85294039,68.469566,69.483353,66.753928,68.469566,0.0,739
2015-05-18,1039026,92608717,69.093435,70.185205,68.391583,68.625533,0.155967,801
2015-05-19,4186311,387975461,69.093435,73.382531,69.093435,73.382531,4.756998,2322
2015-05-20,1706141,159464795,73.304547,73.616481,71.978827,73.304547,-0.077984,1069
2015-05-21,1523321,142357363,72.992613,73.928416,71.822859,73.928416,0.623869,1010
2015-05-22,5848755,575488984,74.942202,78.373479,74.942202,75.644054,1.715638,3783
2015-05-25,5057638,507123506,76.813807,80.712985,75.644054,77.359692,1.715638,3003
2015-05-26,2476068,242281204,77.437676,77.983561,74.162366,76.033972,-1.32572,1759
2015-05-27,3062341,307817564,76.033972,80.323068,75.878005,79.153314,3.119342,2015
2015-05-28,1836106,186300970,80.712985,81.102903,77.593643,79.153314,0.0,1122
2015-05-29,2132002,212298102,78.763396,79.93315,76.111955,76.65784,-2.495474,1488
2015-06-01,1220502,118467343,76.267922,77.047758,73.694465,76.65784,0.0,909
2015-06-02,1543163,154564569,76.969774,79.543232,76.891791,77.047758,0.389918,1081
2015-06-03,1000021,97463326,77.827594,77.983561,74.552284,74.864218,-2.18354,718
2015-06-04,1561200,145027899,74.942202,75.800021,69.405369,70.809073,-4.055145,1207
2015-06-05,2578229,225793995,70.809073,72.134794,65.506191,69.015451,-1.793622,1769
2015-06-08,1030050,91125035,68.625533,70.575122,66.286027,69.87327,0.857819,771
2015-06-09,2242029,189157254,68.469566,68.781501,63.322651,63.868536,-6.004734,1533
2015-06-10,1344364,113648958,65.740142,67.377797,64.570388,66.597961,2.729425,1016
2015-06-11,1449463,127658358,67.611747,69.63932,67.221829,68.313599,1.715638,1054
2015-06-12,1234001,110008188,68.469566,70.887057,68.079649,68.859484,0.545885,863
2015-06-15,776233,67326291,68.859484,68.859484,66.753928,66.909895,-1.949589,535
2015-06-16,866041,72471919,66.36401,66.675944,64.570388,64.882323,-2.027572,616
2015-06-17,866000,73247700,65.896109,66.909895,65.194257,65.584175,0.701852,658
2015-06-18,978963,83660391,65.740142,67.611747,65.506191,67.611747,2.027572,624
2015-06-22,2538335,228776316,68.703517,71.354958,68.313599,70.73109,3.119343,1543
2015-06-23,2633168,246015721,72.524712,74.318333,71.354958,71.510925,0.779835,1764
2015-06-24,950300,87149090,72.134794,72.368744,70.263188,72.290761,0.779836,645
2015-06-25,986677,90175501,71.588909,71.978827,70.653106,71.121007,-1.169754,675
2015-06-26,1415143,126384641,71.744876,71.822859,67.845698,68.313599,-2.807408,955
2015-06-29,668071,56879369,66.987879,66.987879,65.818125,66.052076,-2.261523,457
2015-06-30,772444,65618557,64.882323,67.45578,64.882323,67.45578,1.403704,531
2015-07-01,1348542,119661115,67.221829,70.809073,66.987879,70.341172,2.885392,876
2015-07-02,1429559,131681615,70.96504,72.758662,70.341172,70.887057,0.545885,881
2015-07-03,3270288,309288336,72.368744,75.878005,71.354958,75.644054,4.756997,2042
2015-07-06,3872095,381438494,75.33212,77.983561,75.33212,75.878005,0.233951,2224
2015-07-07,2048797,197135015,76.501873,77.047758,72.914629,74.24035,-1.637655,1436
2015-07-08,1620101,147454991,74.24035,74.24035,68.703517,70.809073,-3.431277,1166
2015-07-09,1602110,146723360,70.419155,73.616481,67.845698,73.304547,2.495474,1184
2015-07-13,1508307,144225671,75.254136,75.644054,73.304547,73.694465,0.389918,1086
2015-07-14,927638,86925738,73.772448,74.864218,71.744876,71.744876,-1.949589,700
2015-07-15,683182,62989080,72.914629,73.070596,71.043024,71.588909,-0.155967,492
2015-07-16,2264296,215531271,72.212777,75.488087,71.744876,75.020185,3.431276,1559
2015-07-17,2230436,215918072,75.410103,76.65784,74.162366,75.098169,0.077984,1564
2015-07-20,1484161,140489889,76.033972,76.267922,71.276975,72.446728,-2.651441,1099
2015-07-21,1252101,116735733,74.006399,74.084383,71.043024,72.914629,0.467901,984
2015-07-22,1042007,96600944,72.524712,73.850432,70.73109,71.121007,-1.793622,778
2015-07-23,1780251,157355762,69.87327,71.198991,66.36401,68.859484,-2.261523,1377
2015-07-24,794009,70765801,68.625533,70.497139,68.235616,69.405369,0.545885,604
2015-07-27,957068,81381849,69.015451,69.249402,64.102487,64.102487,-5.302882,750
2015-07-28,723001,60714690,63.556602,67.065862,63.556602,66.208043,2.105556,585
2015-07-29,812010,70212520,67.065862,68.54755,65.896109,67.377797,1.169754,635
2015-07-30,771285,67575495,67.845698,69.561336,67.143846,67.689731,0.311934,585
2015-07-31,456100,39658679,69.483353,69.483353,66.753928,66.753928,-0.935803,332
2015-08-03,1289143,102717853,66.13006,66.13006,60.43726,60.827177,-5.926751,1017
2015-08-04,1745040,130152350,61.217095,62.152898,54.822443,55.992197,-4.83498,1300
2015-08-05,934035,69351195,56.927999,59.57944,55.680262,59.267506,3.275309,715
2015-08-06,1721203,136977425,62.464832,63.244668,60.905161,61.373062,2.105556,1273
2015-08-07,932011,73719835,60.827177,62.464832,60.047342,62.464832,1.09177,691
2015-08-10,1069070,86706266,62.698783,64.336438,62.074914,63.712569,1.247737,754
2015-08-11,1216002,99925172,64.648372,65.740142,61.996931,62.308865,-1.403704,876
2015-08-12,872029,68703779,60.827177,62.386849,60.827177,61.373062,-0.935803,607
2015-08-13,2320031,182933435,60.827177,64.336438,59.969358,64.336438,2.963376,1565
2015-08-14,2401024,204956312,65.03829,68.157632,64.804339,67.845698,3.50926,1542
2015-08-17,1698035,150565713,68.54755,70.263188,67.533764,67.533764,-0.311934,1223
2015-08-18,1181031,102962721,68.001665,69.483353,66.675944,67.845698,0.311934,823
2015-08-19,1397096,122321152,68.625533,69.87327,67.065862,68.235616,0.389918,1030
2015-08-20,1085200,93210700,67.767714,68.469566,65.350224,66.675944,-1.559672,862
2015-08-21,1047100,85228849,64.414421,65.974092,61.295079,61.684997,-4.990947,808
2015-08-24,1875006,134532630,59.969358,60.047342,55.524295,55.524295,-6.160702,902
2015-08-25,1807010,136937383,53.88664,61.061128,53.88664,61.061128,5.536833,1146
2015-08-26,1324289,104042287,61.061128,62.620799,59.267506,62.464832,1.403704,869
2015-08-27,997007,81159995,64.024503,64.258454,62.386849,62.464832,0.0,723
2015-08-28,805109,65827138,64.024503,64.648372,62.776766,63.790553,1.325721,497
2015-08-31,314107,25409583,63.088701,63.868536,62.386849,63.166684,-0.623869,240
2015-09-01,1859266,157416008,63.556602,67.611747,63.166684,66.519977,3.353293,1378
2015-09-02,823003,70168170,65.506191,67.299813,65.116273,67.221829,0.701852,601
2015-09-03,1318010,115346380,67.845698,69.405369,67.221829,68.313599,1.09177,809
2015-09-04,988300,86095400,67.689731,69.717303,65.740142,65.896109,-2.41749,660
2015-09-07,611024,51708964,65.116273,66.831912,65.116273,66.753928,0.857819,414
2015-09-08,1432202,124814884,67.689212,69.987792,66.97586,69.750008,2.99608,1045
2015-09-09,1976204,179490854,71.097451,72.920463,71.01819,72.286372,2.536364,1319
2015-09-10,1303024,116381784,70.701144,71.731542,70.146315,70.542622,-1.74375,914
2015-09-11,1335265,120174227,70.542622,72.127849,69.829269,71.097451,0.554829,1018
2015-09-14,2447700,241213620,78.151713,78.151713,77.3591,78.151713,7.054262,1179
2015-09-15,9387952,988588864,82.828134,85.602282,80.450293,83.224441,5.072728,5239
2015-09-16,8208538,898606635,84.017055,91.150579,82.035521,88.772737,5.548296,5038
2015-09-17,4301607,483399198,90.357965,90.754272,86.791203,89.169044,0.396307,2745
2015-09-18,4856392,550835080,87.980124,93.132113,85.998589,90.357965,1.188921,2702
2015-09-21,5526522,653509750,89.169044,97.095181,88.772737,96.698875,6.34091,3687
2015-09-22,3077260,368002845,95.906261,96.698875,92.735806,96.698875,0.0,2145
2015-09-23,7231471,864309636,94.321033,100.661943,89.565351,90.357965,-6.34091,4606
2015-09-24,5239139,599826324,91.943192,93.924727,86.394896,93.52842,3.170455,3473
2015-09-25,2811329,328977664,93.52842,94.71734,90.357965,92.339499,-1.188921,1836
2015-09-30,3728827,430950451,91.150579,94.321033,89.169044,89.961658,-2.377841,2519
2015-10-01,4921746,583831133,90.357965,97.887795,88.37643,96.302568,6.34091,3409
2015-10-02,7105919,906666163,97.095181,105.021319,95.509954,101.05825,4.755682,4972
2015-10-05,4127178,544715174,103.039784,107.795467,101.454557,104.625012,3.566762,3122
2015-10-06,3420358,444704108,105.417626,107.002853,99.869329,99.869329,-4.755683,2460
2015-10-07,4310207,572838667,99.869329,109.380694,99.869329,108.984387,9.115058,3196
2015-10-08,3310461,434042540,107.795467,107.795467,100.661943,103.436091,-5.548296,2462
2015-10-12,4957281,587402001,94.321033,95.906261,93.132113,93.132113,-10.303978,3144
2015-10-13,2252360,269622020,94.321033,97.095181,92.735806,93.52842,0.396307,1660
2015-10-14,4548626,514406168,93.924727,95.509954,86.791203,87.18751,-6.34091,3090
2015-10-15,2243569,252016797,88.37643,90.754272,87.18751,89.565351,2.377841,1602
2015-10-16,1412100,158814700,90.357965,91.150579,87.583817,88.37643,-1.188921,1100
2015-10-19,2300952,258373384,88.37643,92.735806,85.602282,92.735806,4.359376,1769
2015-10-20,1268466,146464889,92.339499,93.52842,89.961658,89.961658,-2.774148,975
2015-10-21,1078170,122951122,90.357965,91.546885,89.169044,89.169044,-0.792614,820
2015-10-22,3031448,325953780,87.583817,87.583817,83.224441,85.205976,-3.963068,2223
2015-10-23,1749511,190468930,86.394896,88.37643,84.413362,84.413362,-0.792614,1289
2015-10-26,3527474,401697458,85.998589,92.735806,85.205976,92.735806,8.322444,1963
2015-10-27,3368507,392021812,92.735806,94.321033,89.565351,89.565351,-3.170455,2170
2015-10-28,2450239,282573963,89.565351,93.132113,89.169044,92.735806,3.170455,1728
2015-10-29,3156250,369558625,94.321033,94.321033,90.754272,91.943192,-0.792614,2118
2015-10-30,2528201,296947616,93.132113,95.509954,91.150579,91.150579,-0.792613,1671
2015-11-02,1404070,158174480,91.150579,91.943192,87.583817,89.169044,-1.981535,1003
2015-11-03,1144256,131410684,90.357965,92.339499,89.961658,90.357965,1.188921,851
2015-11-04,3186649,376956555,91.150579,96.302568,89.961658,92.339499,1.981534,2085
2015-11-05,2117771,251297632,93.924727,95.906261,92.339499,94.321033,1.981534,1440
2015-11-06,4207276,517779344,95.906261,99.869329,95.113647,95.113647,0.792614,2972
2015-11-09,2673762,316787154,97.491488,98.284102,91.150579,91.546885,-3.566762,1991
2015-11-10,1040800,119534200,90.754272,92.339499,88.772737,91.150579,-0.396306,825
2015-11-11,949002,109286730,91.150579,92.735806,90.357965,90.357965,-0.792614,712
2015-11-12,4185387,441975522,83.224441,85.602282,81.639214,83.224441,-7.133524,2781
2015-11-13,1467837,154627476,80.053986,85.602282,80.053986,84.809669,1.585228,1125
2015-11-16,1008120,107961460,84.809669,85.602282,83.620748,84.809669,0.0,758
2015-11-17,1592300,176852300,86.394896,89.961658,85.602282,87.980124,3.170455,1210
2015-11-18,887154,98702786,89.169044,90.357965,86.394896,86.394896,-1.585228,737
2015-11-19,748490,82195400,87.583817,88.37643,86.394896,86.394896,0.0,586
2015-11-20,986108,109781704,87.18751,89.961658,86.791203,87.18751,0.792614,762
2015-11-23,847000,93493500,87.583817,88.772737,86.394896,86.791203,-0.396307,598
2015-11-24,1612100,173289100,88.772737,89.169044,82.431828,82.431828,-4.359375,1187
2015-11-25,632002,65783218,83.224441,83.620748,81.639214,82.431828,0.0,490
2015-11-26,1029100,110191300,83.224441,85.998589,82.431828,84.809669,2.377841,713
2015-11-27,2084880,239105400,86.791203,93.132113,85.602282,93.132113,8.322444,1300
2015-11-30,4455753,529082613,93.52842,96.302568,92.735806,95.113647,1.981534,2994
2015-12-01,3065214,373823608,96.302568,98.680409,94.321033,95.113647,0.0,2056
2015-12-02,1774160,210867380,95.906261,96.698875,93.132113,93.132113,-1.981534,1229
2015-12-03,2259379,276311617,94.321033,98.680409,94.321033,95.906261,2.774148,1721
2015-12-04,1105282,131677340,95.113647,95.906261,93.132113,94.321033,-1.585228,851
2015-12-07,1228344,149239844,96.698875,98.284102,94.71734,95.113647,0.792614,980
2015-12-08,3321600,368401800,91.150579,91.943192,85.602282,85.602282,-9.511365,2312
2015-12-09,1555965,169724720,85.602282,88.37643,84.809669,85.205976,-0.396306,1184
2015-12-10,1061550,115808050,85.602282,88.37643,84.017055,88.37643,3.170454,855
2015-12-11,800359,87220728,88.772737,88.772737,84.413362,84.413362,-3.963068,615
2015-12-14,752360,80155695,84.017055,85.998589,82.828134,84.413362,0.0,547
2015-12-15,410301,44840454,87.18751,87.18751,85.998589,86.791203,2.377841,357
2015-12-16,355103,38918277,87.980124,87.980124,85.602282,85.602282,-1.188921,293
2015-12-17,2068054,242628897,86.791203,93.924727,86.394896,93.924727,8.322445,1244
2015-12-18,3780220,463989443,94.71734,99.869329,94.321033,96.302568,2.377841,2629
2015-12-21,1524832,187176668,96.698875,98.680409,95.509954,98.284102,1.981534,1126
2015-12-22,2667200,334666900,99.473023,101.454557,96.302568,96.302568,-1.981534,1803
2015-12-23,3132352,394144852,98.284102,101.454557,97.491488,99.076716,2.774148,2212
2015-12-24,3679471,465819491,100.661943,103.832398,95.906261,95.906261,-3.170455,2632
2015-12-25,1732404,214626116,95.906261,101.454557,94.321033,101.454557,5.548296,1284
2015-12-28,4984843,663079020,103.039784,107.795467,101.454557,106.606546,5.151989,3338
2015-12-29,1844209,245268924,105.813932,107.39916,103.832398,105.021319,-1.585227,1401
2015-12-30,1707420,223321360,105.813932,105.813932,101.850864,103.039784,-1.981535,1313
2015-12-31,845153,109984849,101.454557,104.228705,101.454557,103.039784,0.0,676
2016-01-04,2112875,279644681,104.228705,107.002853,102.643478,103.436091,0.396307,1529
2016-01-05,2266850,283999400,103.039784,103.039784,97.095181,98.284102,-5.151989,1681
2016-01-06,1180100,144596347,99.076716,99.076716,95.906261,96.698875,-1.585227,866
2016-01-07,1924050,234234050,96.698875,99.076716,93.52842,95.509954,-1.188921,1362
2016-01-08,2601777,328253787,96.698875,102.247171,96.698875,101.454557,5.944603,1864
2016-01-11,1433340,179596520,98.680409,101.850864,96.698875,100.661943,-0.792614,1152
2016-01-12,2388148,286002964,100.661943,100.661943,90.754272,90.754272,-9.907671,1767
2016-01-13,1543446,179813628,91.943192,94.321033,90.754272,93.132113,2.377841,1108
2016-01-14,1781292,199030912,89.169044,90.754272,85.998589,87.583817,-5.548296,1324
2016-01-15,937056,103490940,89.961658,89.961658,85.602282,86.394896,-1.188921,726
2016-01-18,1173500,131024749,84.413362,91.546885,83.620748,90.754272,4.359376,955
2016-01-19,971001,112732122,90.754272,93.52842,89.565351,92.339499,1.585227,755
2016-01-20,807011,91678765,92.339499,93.52842,87.18751,87.980124,-4.359375,655
2016-01-21,820090,93326350,88.37643,92.735806,87.980124,89.961658,1.981534,673
2016-01-22,1657250,196748500,94.71734,95.906261,92.339499,93.132113,3.170455,1350
2016-01-25,1553114,189629963,93.52842,98.680409,93.52842,96.698875,3.566762,1203
2016-01-26,1007399,123338077,95.906261,98.284102,95.113647,97.887795,1.18892,825
2016-01-27,1915122,239478942,99.076716,101.454557,96.302568,96.302568,-1.585227,1439
2016-01-28,1330181,164254712,97.095181,99.473023,95.509954,98.680409,2.377841,934
2016-01-29,1549799,195291777,99.869329,102.247171,97.491488,97.491488,-1.188921,1257
2016-01-30,715472,88402758,98.680409,99.473023,96.302568,97.095181,-0.396307,574
2016-02-01,651330,80177430,97.887795,99.076716,96.302568,96.302568,-0.792613,514
2016-02-02,263102,32086494,97.095181,97.887795,95.906261,95.906261,-0.396307,227
2016-02-03,496387,60122629,95.906261,97.095181,94.71734,95.113647,-0.792614,390
2016-02-15,2862574,368803768,95.906261,104.625012,95.906261,104.625012,9.511365,1994
2016-02-16,2373631,312486959,105.813932,106.210239,101.850864,104.228705,-0.396307,1605
2016-02-17,5646758,775296314,105.021319,112.551149,105.021319,105.813932,1.585227,3878
2016-02-18,2916538,398921820,107.002853,110.965922,105.021319,109.777001,3.963069,2096
2016-02-19,2112479,296588976,109.380694,113.74007,107.39916,112.154842,2.377841,1591
2016-02-22,2833322,407788402,113.343763,117.306831,110.965922,111.758535,-0.396307,2124
2016-02-23,1263175,179193675,113.343763,114.532683,110.965922,111.758535,0.0,979
2016-02-24,2122566,300346108,110.965922,115.721604,108.58808,109.380694,-2.377841,1733
2016-02-25,1311574,180036490,110.965922,111.362229,107.002853,107.002853,-2.377841,1045
2016-02-26,1044317,143186697,108.191774,110.569615,105.813932,110.569615,3.566762,887
2016-03-01,1128815,159187730,110.569615,113.343763,109.777001,112.947456,2.377841,890
2016-03-02,1515238,213793082,114.92899,115.325297,109.380694,109.380694,-3.566762,1237
2016-03-03,1158972,158235080,109.777001,109.777001,106.210239,109.380694,0.0,934
2016-03-04,644470,88222139,110.173308,110.173308,107.39916,107.39916,-1.981534,490
2016-03-07,843190,116552530,108.58808,110.569615,107.795467,109.380694,1.981534,664
2016-03-08,2772220,397103520,111.758535,115.325297,111.758535,112.154842,2.774148,2088
2016-03-09,1197479,169834955,112.551149,113.74007,110.569615,113.74007,1.585228,944
2016-03-10,3047600,446878400,114.92899,118.099445,114.136377,114.532683,0.792613,2236
2016-03-11,1080097,156228008,115.325297,116.117911,113.343763,113.74007,-0.792613,816
2016-03-14,912200,131250400,114.92899,115.721604,112.551149,112.947456,-0.792614,689
2016-03-15,1763202,252029578,114.136377,116.514218,109.380694,109.380694,-3.566762,1274
2016-03-16,1292522,178728036,109.777001,110.965922,108.58808,109.777001,0.396307,1004
2016-03-17,1375256,190327197,110.569615,112.947456,107.002853,108.191774,-1.585227,1063
2016-03-18,1047724,141576048,108.984387,108.984387,105.417626,108.58808,0.396306,822
2016-03-21,2783674,392996382,109.777001,114.136377,108.984387,112.551149,3.963069,1959
2016-03-22,1019353,143232236,113.343763,114.136377,109.777001,109.777001,-2.774148,851
2016-03-23,951632,129663633,110.173308,110.569615,106.606546,106.606546,-3.170455,770
2016-03-24,1169215,154186880,106.210239,106.210239,103.832398,104.625012,-1.981534,918
2016-03-25,427700,56970000,105.417626,106.606546,104.625012,106.210239,1.585227,363
2016-03-28,891499,120098865,107.39916,108.58808,105.417626,107.002853,0.792614,681
2016-03-29,1347452,178963028,107.795467,108.984387,102.247171,102.247171,-4.755682,1073
2016-03-30,1060501,136630130,103.039784,103.832398,100.265636,101.850864,-0.396307,834
2016-03-31,2256908,299741488,101.05825,108.191774,100.265636,108.191774,6.34091,1714
2016-04-01,1160450,155338800,107.39916,108.191774,105.021319,105.417626,-2.774148,934
2016-04-06,861873,116013720,106.210239,107.795467,105.417626,107.002853,1.585227,762
2016-04-07,681142,91600701,107.795467,108.191774,105.417626,105.813932,-1.188921,602
2016-04-08,3465581,484298200,109.380694,112.947456,108.984387,112.154842,6.34091,2496
2016-04-11,1043250,145504500,110.965922,111.758535,109.380694,110.173308,-1.981534,833
2016-04-12,1730458,236187414,110.569615,112.551149,104.228705,104.625012,-5.548296,1327
2016-04-13,1001080,135376380,106.606546,108.58808,105.021319,107.795467,3.170455,767
2016-04-14,969750,133742750,108.58808,110.569615,107.39916,108.984387,1.18892,801
2016-04-15,523830,72690700,110.569615,110.965922,108.984387,110.173308,1.188921,454
2016-04-18,790076,109281064,110.173308,111.362229,108.191774,109.777001,-0.396307,645
2016-04-19,367164,50484304,110.965922,110.965922,107.795467,107.795467,-1.981534,352
2016-04-20,600137,80197358,107.002853,108.191774,104.625012,105.417626,-2.377841,511
2016-04-21,630245,85529565,106.606546,108.984387,105.417626,107.002853,1.585227,528
2016-04-22,3150723,444898350,107.795467,114.532683,107.795467,110.965922,3.963069,2368
2016-04-25,1052234,144364792,110.569615,110.569615,107.002853,108.191774,-2.774148,797
2016-04-26,724101,100122788,109.380694,110.569615,108.58808,109.380694,1.18892,583
2016-04-27,1734319,243309499,110.173308,112.947456,109.380694,110.173308,0.792614,1253
2016-04-28,1205500,166581249,110.965922,112.154842,108.191774,108.58808,-1.585228,936
2016-04-29,1985475,261291407,107.002853,107.39916,102.247171,105.021319,-3.566761,1505
2016-05-03,1338170,171385270,104.625012,104.625012,99.076716,102.247171,-2.774148,1016
2016-05-04,637100,81503400,101.05825,102.643478,100.265636,102.247171,0.0,520
2016-05-05,1211383,153845907,102.247171,103.832398,98.680409,100.661943,-1.585228,933
2016-05-06,927150,118531974,103.039784,103.832398,99.869329,99.869329,-0.792614,739
2016-05-09,2181754,260976234,100.661943,101.05825,89.961658,90.754272,-9.115057,1562
2016-05-10,1204827,139112844,91.150579,93.132113,89.169044,91.943192,1.18892,949
2016-05-11,693800,81068500,94.321033,94.321033,90.357965,90.754272,-1.18892,605
2016-05-12,2584301,270337605,82.035521,85.602282,82.035521,82.035521,-8.718751,1730
2016-05-13,2225000,222006799,80.450293,82.828134,75.456827,78.627282,-3.408239,1588
2016-05-16,1155000,115515000,79.261373,80.8466,76.24944,78.785804,0.158522,847
2016-05-17,974074,97169410,79.657679,80.053986,77.676145,78.865066,0.079262,697
2016-05-18,679070,68136035,78.072452,80.450293,77.993191,79.182111,0.317045,532
2016-05-19,665600,66802800,80.450293,81.242907,77.993191,77.993191,-1.18892,546
2016-05-20,1735620,164530268,78.151713,78.706543,73.713077,75.615349,-2.377842,1448
2016-05-23,1243606,123195400,76.328702,80.450293,75.694611,79.657679,4.04233,1030
2016-05-24,713768,72647568,80.053986,81.639214,79.261373,80.450293,0.792614,555
2016-05-25,855566,87311014,81.242907,82.431828,79.261373,79.657679,-0.792614,617
2016-05-26,1944323,203061361,80.053986,85.205976,79.10285,84.017055,4.359376,1431
2016-05-27,1017087,107721765,84.809669,84.809669,82.828134,83.224441,-0.792614,677
2016-05-30,963451,103792708,84.017055,87.18751,83.620748,85.602282,2.377841,725
2016-05-31,764281,81008567,85.602282,85.602282,82.035521,84.017055,-1.585227,579
2016-06-01,664245,71380715,84.809669,85.998589,84.413362,84.413362,0.396307,475
2016-06-02,492101,52128756,85.205976,85.205976,82.828134,83.620748,-0.792614,356
2016-06-03,526680,54569540,84.017055,84.413362,80.8466,81.639214,-1.981534,411
2016-06-04,179453,18521612,81.639214,82.431828,81.242907,82.431828,0.792614,145
2016-06-06,314100,32487950,82.828134,84.017055,80.8466,82.035521,-0.396307,229
2016-06-07,583101,61924307,82.431828,85.205976,82.431828,84.809669,2.774148,497
2016-06-08,1408538,154059180,85.205976,87.583817,84.809669,87.18751,2.377841,987
2016-06-13,566112,60663151,86.394896,86.394896,84.017055,84.413362,-2.774148,444
2016-06-14,781003,81704318,84.017055,84.413362,82.035521,82.431828,-1.981534,571
2016-06-15,723310,76375014,82.828134,84.809669,82.035521,84.413362,1.981534,501
2016-06-16,330059,34703781,84.809669,84.809669,82.431828,82.828134,-1.585228,246
2016-06-17,441610,47146770,84.017055,85.205976,83.224441,84.809669,1.981535,382
2016-06-20,237163,25231941,85.205976,85.205976,84.017055,84.017055,-0.792614,208
2016-06-21,499351,53436908,84.413362,85.602282,84.017055,85.205976,1.188921,365
2016-06-22,376600,40107000,85.205976,85.205976,83.620748,84.017055,-1.188921,307
2016-06-23,309211,32358655,84.413362,84.413362,82.431828,82.431828,-1.585227,251
2016-06-24,995068,100096768,82.035521,82.431828,77.676145,78.706543,-3.725285,756
2016-06-27,359047,36027935,78.468759,80.450293,78.230975,80.450293,1.74375,274
2016-06-28,244161,24780922,79.657679,81.639214,79.261373,80.450293,0.0,212
2016-06-29,282250,28845623,80.8466,81.639214,80.450293,81.242907,0.792614,203
2016-06-30,543933,55972032,80.450293,83.224441,80.053986,81.639214,0.396307,405
2016-07-01,273400,28308600,81.639214,82.828134,81.639214,81.639214,0.0,202
2016-07-04,225122,23105749,81.639214,82.431828,80.450293,82.035521,0.396307,182
2016-07-05,198216,20350355,82.035521,82.035521,80.8466,82.035521,0.0,160
2016-07-06,423468,43631172,81.242907,82.431828,80.8466,82.431828,0.396307,313
2016-07-07,858200,91278500,83.224441,85.602282,83.224441,84.017055,1.585227,691
2016-07-11,1438254,145507878,82.828134,82.828134,78.865066,80.053986,-3.963069,987
2016-07-12,332441,33607541,80.8466,80.8466,79.657679,80.053986,0.0,274
2016-07-13,293449,29646072,79.261373,80.8466,79.261373,80.053986,0.0,195
2016-07-14,322087,32315500,79.657679,80.450293,79.023588,79.023588,-1.030398,211
2016-07-15,526101,52889050,79.657679,80.8466,79.023588,80.053986,1.030398,401
2016-07-18,1668313,173257698,80.8466,83.620748,80.053986,82.828134,2.774148,973
2016-07-19,1261317,125010701,83.65964,84.592962,83.405097,83.829335,1.001201,815
2016-07-20,623500,62655049,84.847505,86.120218,84.168725,84.847505,1.01817,454
2016-07-21,1978049,207858645,86.544455,90.78683,86.544455,89.938355,5.09085,1325
2016-07-22,1488331,159681586,90.78683,92.059543,89.938355,90.78683,0.848475,1055
2016-07-25,1504450,164640650,92.059543,95.453443,91.211068,91.211068,0.424238,1131
2016-07-26,516653,55299848,91.635305,91.635305,89.938355,91.211068,0.0,392
2016-07-27,1867235,208178085,92.908018,95.877681,92.48378,95.029206,3.818138,1356
2016-07-28,763376,85271488,94.604968,95.877681,93.332256,95.029206,0.0,638
2016-07-29,513140,57245680,95.029206,95.029206,93.756493,95.029206,0.0,375
2016-08-01,552320,62341160,95.453443,96.726156,95.029206,95.877681,0.848475,433
2016-08-02,1014570,110497560,95.877681,95.877681,90.78683,91.211068,-4.666613,790
2016-08-03,1006052,110407193,91.211068,94.604968,90.362593,92.908018,1.69695,716
2016-08-04,697344,76021840,92.908018,93.756493,91.211068,92.48378,-0.424238,512
2016-08-05,830416,91550630,93.332256,94.604968,92.059543,92.059543,-0.424237,548
2016-08-08,294100,31815700,92.48378,92.908018,91.211068,91.211068,-0.848475,214
2016-08-09,364303,38891421,91.635305,92.059543,89.938355,89.938355,-1.272713,248
2016-08-10,354672,37554065,89.938355,91.211068,88.241405,89.514118,-0.424237,265
2016-08-11,470250,49338000,91.635305,91.635305,87.39293,88.665643,-0.848475,357
2016-08-12,1127390,121672526,90.362593,93.332256,89.514118,89.514118,0.848475,775
2016-08-15,429100,46058549,90.362593,92.059543,89.514118,92.059543,2.545425,330
2016-08-16,293250,31365000,92.059543,92.48378,89.938355,90.362593,-1.69695,242
2016-08-17,226201,24170708,91.211068,91.211068,89.938355,90.362593,0.0,210
2016-08-18,1185369,130195140,90.362593,95.029206,89.938355,94.180731,3.818138,818
2016-08-19,526256,57613029,94.180731,94.180731,91.635305,92.059543,-2.121188,356
2016-08-22,300747,32257429,92.059543,92.059543,90.362593,90.78683,-1.272713,247
2016-08-23,135112,14445534,90.362593,91.211068,90.362593,90.78683,0.0,128
2016-08-24,176302,18780155,91.635305,91.635305,89.938355,90.362593,-0.424237,163
2016-08-25,786156,85211348,90.362593,93.332256,89.514118,91.635305,1.272712,435
2016-08-26,348274,37161044,91.635305,91.635305,89.938355,89.938355,-1.69695,247
2016-08-29,220201,23169208,90.362593,90.362593,88.665643,89.514118,-0.424237,229
2016-08-30,181650,19104700,89.514118,89.938355,88.665643,89.08988,-0.424238,207
2016-08-31,559348,57610844,89.08988,89.514118,85.69598,87.817168,-1.272712,475
2016-09-01,226300,23172900,87.39293,87.817168,86.120218,86.544455,-1.272713,167
2016-09-02,503100,50309650,86.544455,87.39293,83.99903,84.423267,-2.121188,378
2016-09-05,490200,49566500,84.847505,86.968693,84.592962,86.120218,1.696951,312
2016-09-06,442028,45418898,86.120218,87.817168,86.120218,86.120218,0.0,269
2016-09-07,572300,58497600,86.544455,87.817168,85.271743,85.271743,-0.848475,284
2016-09-08,236000,23735400,85.271743,86.120218,84.67781,84.847505,-0.424238,181
2016-09-09,700300,68176900,83.829335,83.829335,81.877842,82.64147,-2.206035,519
2016-09-10,402010,38083760,79.841502,81.029367,79.58696,80.689977,-1.951493,269
2016-09-12,658400,60708037,80.60513,80.60513,77.21123,77.635467,-3.05451,522
2016-09-13,1126600,100966599,77.55062,78.483942,74.496109,76.362755,-1.272712,803
2016-09-14,481160,42762254,75.599127,76.277907,75.005194,75.090042,-1.272713,381
2016-09-19,181191,16304783,76.447602,76.956687,75.514279,76.53245,1.442408,156
2016-09-20,166050,14856825,76.87184,76.87184,75.429432,75.683974,-0.848476,156
2016-09-21,246212,22230781,75.768822,77.296077,75.768822,76.617297,0.933323,191
2016-09-22,242649,21737168,77.465772,77.465772,75.514279,75.599127,-1.01817,196
2016-09-23,173700,15476047,75.938517,75.938517,75.090042,75.514279,-0.084848,143
2016-09-26,312001,27935690,75.514279,77.21123,74.920347,76.362755,0.848476,239
2016-09-29,185004,16667572,77.465772,77.465772,75.938517,76.362755,0.0,155
2016-09-30,281845,25387350,76.447602,76.956687,76.108212,76.447602,0.084847,314
2016-10-03,252720,22941339,76.617297,77.55062,76.617297,76.87184,0.424238,210
2016-10-04,381192,34130855,77.126382,77.380925,75.514279,75.938517,-0.933323,359
2016-10-05,1535783,128523306,75.174889,75.429432,69.065869,69.829497,-6.10902,1094
2016-10-06,705911,58242602,69.999192,71.102209,69.150717,69.829497,0.0,545
2016-10-07,1094106,86363118,69.829497,69.829497,65.756816,65.926511,-3.902986,864
2016-10-11,500549,39058872,67.114376,67.114376,65.332579,66.859834,0.933323,383
2016-10-12,250133,19857076,66.859834,68.217394,66.265901,67.878004,1.01817,230
2016-10-13,637054,52411917,68.047699,70.847667,68.047699,69.829497,1.951493,465
2016-10-14,434951,35029310,69.659802,70.168887,67.114376,67.538614,-2.290883,347
2016-10-17,484505,37608228,67.623461,67.623461,65.162884,66.181054,-1.35756,378
2016-10-18,1005908,75757469,66.690139,66.690139,62.872001,63.211391,-2.969663,771
2016-10-19,392286,29782836,63.465934,65.078036,63.381086,64.484104,1.272713,337
2016-10-20,284204,21835117,64.908341,65.841664,64.484104,64.908341,0.424237,230
2016-10-21,260272,20094397,65.162884,66.181054,64.653799,65.841664,0.933323,246
2016-10-24,160762,12540598,66.096206,67.029529,65.841664,65.926511,0.084847,157
2016-10-25,146027,11393409,66.435596,66.944681,65.332579,66.520444,0.593933,128
2016-10-26,1649001,137965486,65.502274,73.138549,65.502274,73.138549,6.618105,1241
2016-10-27,1284637,109363482,73.053702,73.647634,70.847667,72.968854,-0.169695,1057
2016-10-28,511670,43642930,72.629464,73.647634,71.356752,71.356752,-1.612102,452
2016-10-31,373756,31875460,71.356752,73.393092,71.187057,72.120379,0.763627,337
2016-11-01,328087,27574975,71.526447,72.544617,70.253734,70.253734,-1.866645,268
2016-11-02,382280,31057035,69.659802,70.084039,68.132547,68.302242,-1.951492,289
2016-11-03,433029,34029720,67.878004,68.302242,65.756816,66.520444,-1.781798,300
2016-11-04,657204,53996160,67.029529,71.526447,67.029529,70.168887,3.648443,532
2016-11-07,392162,32624010,71.271904,72.205227,69.235564,69.235564,-0.933323,368
2016-11-08,353158,28373263,69.405259,69.490107,66.859834,68.047699,-1.187865,278
2016-11-09,1395239,104811745,67.029529,67.114376,61.259899,61.259899,-6.7878,996
2016-11-10,609109,46311093,63.890171,65.332579,63.465934,65.332579,4.07268,435
2016-11-11,862353,62831228,61.938679,63.126544,60.241729,62.617459,-2.71512,611
2016-11-14,652445,46427495,61.514441,61.938679,59.053863,59.817491,-2.799968,495
2016-11-15,441299,31231313,59.562949,60.665966,59.393254,59.647796,-0.169695,326
2016-11-16,597044,42089980,60.241729,61.175051,59.308406,59.478101,-0.169695,382
2016-11-17,1259025,85980990,59.647796,59.817491,56.847828,57.611456,-1.866645,887
2016-11-18,332074,22863387,57.865998,58.969016,57.781151,58.459931,0.848475,261
2016-11-21,302846,20978855,58.120541,59.393254,57.611456,58.969016,0.509085,242
2016-11-22,1053913,77043562,59.393254,63.635629,59.393254,62.787154,3.818138,824
2016-11-23,595104,44209271,63.975019,63.975019,62.447764,62.617459,-0.169695,462
2016-11-24,301805,22005279,62.617459,62.787154,61.259899,61.259899,-1.35756,251
2016-11-25,368245,27191730,61.684136,63.211391,61.684136,63.211391,1.951492,298
2016-11-28,1073593,82435220,63.890171,66.605291,63.550781,64.823494,1.612103,690
2016-11-29,408716,30741200,65.756816,65.756816,63.211391,63.296239,-1.527255,347
2016-11-30,498403,36842919,63.465934,64.314409,61.938679,61.938679,-1.35756,416
2016-12-01,166748,12254376,61.938679,63.126544,61.938679,62.362916,0.424237,169
2016-12-02,170489,12429698,61.599289,62.193221,61.599289,61.599289,-0.763627,149
2016-12-05,129193,9442403,61.599289,62.278069,61.599289,62.023526,0.424237,114
2016-12-06,158868,11703404,62.108374,62.787154,62.108374,62.617459,0.593933,163
2016-12-07,632647,47477846,63.550781,64.399256,62.787154,63.805324,1.187865,429
2016-12-08,543044,40804100,63.975019,64.144714,62.872001,63.635629,-0.169695,380
2016-12-09,221099,16630859,63.890171,64.484104,63.381086,63.890171,0.254542,175
2016-12-12,389154,29692839,64.908341,65.502274,64.144714,64.144714,0.254543,323
2016-12-13,131202,9908487,64.484104,64.568951,63.805324,64.144714,0.0,110
2016-12-14,169159,12820713,64.399256,64.653799,64.059866,64.229561,0.084847,163
2016-12-15,690174,52925659,64.653799,65.841664,64.059866,65.587121,1.35756,555
2016-12-16,2073013,169982605,66.435596,72.120379,65.756816,72.120379,6.533258,1350
2016-12-19,1889677,159643535,72.205227,73.477939,68.981022,69.235564,-2.884815,1231
2016-12-20,1229655,102924707,69.914344,72.290074,69.914344,71.950684,2.71512,1003
2016-12-21,3074146,267795048,72.968854,74.750652,72.544617,72.544617,0.593933,1847
2016-12-22,650079,54860836,72.374922,72.544617,70.593124,71.271904,-1.272713,560
2016-12-23,261362,21843110,70.508277,71.865837,70.423429,70.593124,-0.67878,261
2016-12-26,297621,25066532,71.017362,72.459769,70.762819,71.102209,0.509085,285
2016-12-27,250509,21120446,70.338582,71.950684,70.338582,71.102209,0.0,247
2016-12-28,264827,22178901,71.187057,71.611294,70.423429,70.593124,-0.509085,251
2016-12-29,328155,26946668,69.999192,70.338582,69.320412,69.490107,-1.103017,269
2016-12-30,170703,13985846,69.914344,69.914344,69.150717,69.574954,0.084847,157
2017-01-03,121966,10101481,69.405259,70.847667,69.405259,70.084039,0.509085,128
2017-01-04,971974,83108644,69.829497,73.647634,69.829497,72.968854,2.884815,762
2017-01-05,353607,30207595,72.799159,73.308244,71.696142,72.544617,-0.424237,312
2017-01-06,1151074,100802764,72.120379,75.344584,72.120379,73.308244,0.763627,922
2017-01-09,306427,26033695,73.053702,73.308244,71.187057,72.544617,-0.763627,282
2017-01-10,170846,14531583,72.714312,73.562787,71.526447,71.526447,-1.01817,151
2017-01-11,102692,8612801,71.611294,71.611294,70.677972,70.932514,-0.593933,100
2017-01-12,93250,7842796,71.441599,71.780989,70.932514,70.932514,0.0,88
2017-01-13,71049,5959393,70.932514,71.865837,70.847667,71.271904,0.33939,66
2017-01-16,309480,25369868,71.187057,71.187057,68.726479,68.896174,-2.37573,272
2017-01-17,104697,8575770,68.471937,69.744649,68.471937,69.659802,0.763628,96
2017-01-18,148030,12101341,69.999192,69.999192,69.150717,69.235564,-0.424238,121
2017-01-19,146245,11948963,69.574954,69.744649,68.981022,69.150717,-0.084847,122
2017-01-20,64844,5291195,69.150717,69.490107,68.896174,69.065869,-0.084848,77
2017-01-23,75867,6213906,69.574954,69.914344,69.150717,69.405259,0.33939,88
2017-01-24,175049,14408149,69.405259,70.253734,69.405259,69.829497,0.424238,172
2017-02-02,290271,23474801,71.102209,71.102209,68.132547,68.471937,-1.35756,299
2017-02-03,256369,21039706,68.556784,70.168887,68.556784,70.168887,1.69695,218
2017-02-06,410357,34586023,70.677972,71.865837,70.593124,71.865837,1.69695,331
2017-02-07,332871,28215621,72.714312,72.714312,71.271904,71.356752,-0.509085,309
2017-02-08,449159,38414568,71.441599,73.223397,71.441599,72.799159,1.442407,412
2017-02-09,563130,48789027,73.562787,74.411262,72.120379,73.817329,1.01817,523
2017-02-10,451345,39047295,74.580957,74.580957,72.799159,73.732482,-0.084847,435
2017-02-13,1869657,170708234,75.090042,80.011197,73.987024,78.314247,4.581765,1520
2017-02-14,2191814,207785633,79.24757,82.64147,79.24757,80.60513,2.290883,1714
2017-02-15,1129745,106702073,80.435435,81.6233,78.90818,80.689977,0.084847,846
2017-02-16,615839,57519988,81.029367,81.029367,78.2294,78.483942,-2.206035,429
2017-02-17,1377870,132881457,78.483942,84.083877,78.2294,81.877842,3.3939,1093
2017-02-18,925066,90126918,82.896012,83.744487,81.199062,83.150555,1.272713,719
2017-02-20,650856,62221742,83.150555,83.150555,79.58696,80.26574,-2.884815,581
2017-02-21,298155,27991070,81.708147,81.708147,78.483942,80.011197,-0.254543,289
2017-02-22,271972,25820743,80.60513,81.368757,80.011197,80.60513,0.593933,235
2017-02-23,318914,30194867,81.538452,81.538452,79.502112,79.671807,-0.933323,278
2017-02-24,214694,20413947,79.077875,81.792995,79.077875,80.94452,1.272713,208
2017-03-01,457610,44067650,81.453605,82.64147,80.60513,80.60513,-0.33939,445
2017-03-02,523674,48538462,81.114215,81.877842,76.617297,77.635467,-2.969663,452
2017-03-03,447512,40507780,77.380925,78.738485,76.362755,76.362755,-1.272712,330
2017-03-06,137243,12307446,76.702145,76.702145,75.514279,76.023364,-0.339391,176
2017-03-07,243274,21997760,76.362755,77.974857,75.768822,76.362755,0.339391,261
2017-03-08,168868,15128060,76.362755,76.362755,75.683974,76.193059,-0.169696,163
2017-03-09,217049,19453812,75.514279,76.786992,75.090042,76.362755,0.169696,216
2017-03-10,286470,25248046,76.362755,76.362755,74.071872,74.835499,-1.527256,257
2017-03-13,129588,11425893,74.835499,75.514279,74.071872,74.496109,-0.33939,152
2017-03-14,610390,55872650,76.108212,78.823332,75.174889,78.399095,3.902986,559
2017-03-15,315660,29175063,78.993027,78.993027,77.805162,78.059705,-0.33939,302
2017-03-16,424096,39466052,78.90818,79.332417,78.2294,78.90818,0.848475,334
2017-03-17,211332,19663359,78.90818,79.332417,78.483942,79.162722,0.254542,196
2017-03-20,314296,28892436,79.332417,79.332417,77.296077,77.635467,-1.527255,317
2017-03-21,393939,35495371,78.059705,78.059705,75.514279,75.514279,-2.121188,341
2017-03-22,166674,14794540,75.174889,76.108212,74.496109,75.344584,-0.169695,155
2017-03-23,283394,25376799,75.429432,76.786992,75.259737,75.599127,0.254543,269
2017-03-24,330133,29694470,76.193059,76.617297,75.938517,75.938517,0.33939,308
2017-03-27,233653,20983082,76.362755,76.786992,75.344584,75.344584,-0.593933,464
2017-03-28,261963,23047462,74.750652,75.599127,72.884007,73.902177,-1.442407,352
2017-03-29,537146,45444064,72.968854,73.902177,70.593124,71.526447,-2.37573,475
2017-03-30,132488,11288380,72.120379,72.968854,71.865837,72.374922,0.848475,231
2017-03-31,89781,7616375,73.223397,73.223397,71.526447,71.696142,-0.67878,166
2017-04-05,139716,11904410,72.035532,73.308244,71.696142,72.629464,0.933322,294
2017-04-06,114797,9808545,72.459769,72.968854,72.120379,72.629464,0.0,146
2017-04-07,85849,7303560,72.884007,72.968854,71.611294,72.290074,-0.33939,141
2017-04-10,114475,9653700,71.696142,72.968854,71.356752,71.526447,-0.763627,312
2017-04-11,121296,10257689,71.526447,72.544617,71.271904,71.526447,0.0,194
2017-04-12,200840,16986389,71.271904,72.290074,71.102209,72.205227,0.67878,405
2017-04-13,90652,7699668,72.205227,72.459769,71.611294,71.865837,-0.33939,205
2017-04-14,231412,19369676,72.459769,72.459769,70.084039,70.423429,-1.442408,232
2017-04-17,137806,11428539,71.611294,71.611294,69.999192,69.999192,-0.424237,218
2017-04-18,138144,11563761,70.423429,71.441599,70.084039,71.356752,1.35756,244
2017-04-19,139249,11602203,70.847667,71.780989,70.084039,70.084039,-1.272713,221
2017-04-20,151207,12556990,70.084039,71.102209,69.999192,70.084039,0.0,125
2017-04-21,83187,6939746,70.847667,71.102209,70.593124,70.593124,0.509085,123
2017-04-24,198198,16126938,70.677972,70.677972,68.302242,68.726479,-1.866645,159
2017-04-25,109203,8915902,68.981022,69.829497,68.641632,68.641632,-0.084847,105
2017-04-26,109546,8930185,68.726479,69.829497,68.726479,68.981022,0.33939,110
2017-04-27,149008,12051148,69.150717,69.490107,68.047699,68.047699,-0.933323,152
2017-04-28,71352,5751565,67.878004,69.150717,67.878004,68.217394,0.169695,77
2017-05-02,101305,8174187,68.217394,68.981022,68.132547,68.132547,-0.084847,99
2017-05-03,239700,19006400,68.387089,68.641632,66.435596,66.435596,-1.696951,174
2017-05-04,143456,11345424,66.181054,67.878004,66.181054,67.114376,0.67878,126
2017-05-05,117603,9218134,67.114376,67.114376,66.011359,66.350749,-0.763627,106
2017-05-08,78102,6129785,66.520444,66.944681,66.435596,66.859834,0.509085,62
2017-05-09,128298,10067770,66.265901,67.623461,65.926511,66.181054,-0.67878,105
2017-05-10,164500,12970800,66.011359,68.047699,65.417426,67.878004,1.69695,128
2017-05-11,428934,34443370,67.962852,69.574954,66.605291,66.605291,-1.272713,312
2017-05-12,97342,7692237,66.774986,67.793156,66.774986,66.774986,0.169695,84
2017-05-15,358597,28713863,67.708309,68.556784,67.029529,67.029529,0.254543,220
2017-05-16,400796,31245728,67.708309,67.878004,65.162884,65.162884,-1.866645,226
2017-05-17,78450,6041450,65.332579,65.926511,64.823494,65.332579,0.169695,72
2017-05-18,150347,11595119,64.484104,66.011359,64.484104,65.332579,0.0,108
2017-05-19,196347,14975901,65.502274,66.011359,64.144714,64.144714,-1.187865,171
2017-05-22,175350,13308700,64.314409,65.078036,64.059866,64.484104,0.33939,126
2017-05-23,181299,14133371,65.417426,66.605291,65.332579,66.181054,1.69695,140
2017-05-24,193546,15388595,66.605291,68.726479,66.181054,68.726479,2.545425,147
2017-05-25,797525,65868026,69.150717,70.847667,68.811327,68.981022,0.254543,590
2017-05-26,176371,14383282,69.150717,69.744649,68.387089,69.574954,0.593932,136
2017-05-31,115399,9443119,70.423429,70.423429,68.726479,68.726479,-0.848475,104
2017-06-01,334397,27277855,68.896174,70.084039,68.132547,68.726479,0.0,222
2017-06-02,234650,18949061,68.811327,69.490107,67.962852,67.962852,-0.763627,198
2017-06-03,262796,21434512,68.811327,69.659802,68.302242,69.574954,1.612102,226
2017-06-05,275043,22561012,69.574954,69.829497,69.235564,69.574954,0.0,181
2017-06-06,179696,14887072,69.150717,70.593124,69.150717,69.999192,0.424238,145
2017-06-07,190242,15535925,70.423429,70.423429,68.726479,68.811327,-1.187865,128
2017-06-08,1108693,94932524,70.253734,74.496109,69.829497,73.308244,4.496917,786
2017-06-09,535981,46799047,74.156719,75.005194,73.393092,74.156719,0.848475,451
2017-06-12,223347,19200825,73.308244,73.477939,72.374922,72.629464,-1.527255,190
2017-06-13,146592,12556012,72.968854,73.308244,72.205227,72.544617,-0.084847,129
2017-06-14,965089,84543701,74.071872,75.938517,72.629464,73.477939,0.933322,823
2017-06-15,272252,23285296,73.223397,73.223397,71.780989,72.714312,-0.763627,186
2017-06-16,196101,16734944,73.562787,73.562787,71.950684,71.950684,-0.763628,156
2017-06-19,213265,18455819,72.120379,74.071872,72.120379,73.817329,1.866645,202
2017-06-20,202523,17488126,73.817329,74.241567,72.544617,73.477939,-0.33939,163
2017-06-21,83317,7167530,73.902177,73.902177,72.799159,72.968854,-0.509085,85
2017-06-22,188350,16243517,73.647634,74.071872,72.714312,72.714312,-0.254542,129
2017-06-23,259297,22494742,73.987024,74.071872,72.968854,73.393092,0.67878,218
2017-06-26,142567,12248444,73.562787,73.562787,72.629464,72.799159,-0.593933,115
2017-06-27,629270,55370390,73.393092,75.599127,73.393092,74.071872,1.272713,546
2017-06-28,133422,11557260,73.817329,74.156719,73.223397,73.308244,-0.763628,111
2017-06-29,542181,47906847,73.987024,75.938517,73.817329,74.156719,0.848475,413
2017-06-30,245496,21504688,73.562787,75.429432,72.968854,74.920347,0.763628,228
2017-07-03,260600,22907958,75.429432,75.683974,73.393092,73.562787,-1.35756,198
2017-07-04,173495,15061214,73.987024,74.156719,73.308244,73.562787,0.0,122
2017-07-05,131347,11508621,74.580957,74.835499,73.902177,73.902177,0.33939,116
2017-07-06,56698,4929404,73.987024,74.241567,73.393092,73.732482,-0.169695,51
2017-07-07,326322,28232337,74.156719,74.665804,72.544617,74.665804,0.933322,167
2017-07-10,398997,35534834,75.853669,76.702145,74.665804,74.750652,0.084848,298
2017-07-11,298191,26088251,74.750652,74.750652,73.647634,73.647634,-1.103018,216
2017-07-12,218986,18983386,73.647634,74.156719,73.053702,73.732482,0.084848,136
2017-07-13,118577,10273622,73.902177,74.241567,73.053702,73.053702,-0.67878,98
2017-07-14,221792,19039090,72.629464,73.817329,72.205227,72.629464,-0.424238,187
2017-07-17,219748,18705230,73.477939,73.477939,71.696142,72.035532,-0.593932,133
2017-07-18,66001,5660282,71.950684,73.393092,71.950684,72.884007,0.848475,68
2017-07-19,279097,24155242,72.799159,73.987024,72.799159,73.393092,0.509085,187
2017-07-20,277791,24239737,73.902177,74.665804,73.223397,73.308244,-0.084848,210
2017-07-21,1185788,106136541,74.411262,77.635467,73.902177,76.786992,3.478748,975
2017-07-24,1764862,167339681,79.162722,81.708147,79.162722,80.011197,3.224205,1282
2017-07-25,653042,61851143,82.132385,82.132385,79.24757,80.180892,0.169695,539
2017-07-26,643825,60609956,80.180892,80.60513,79.162722,80.60513,0.424238,442
2017-07-27,844251,81385496,81.029367,83.405097,80.180892,81.538452,0.933322,670
2017-07-28,804908,74455028,80.859672,81.114215,76.87184,77.126382,-4.41207,571
2017-07-31,346546,31135440,77.64692,78.514483,77.213138,77.64692,0.520538,266
2017-08-01,246049,22096069,77.733676,78.861509,77.039626,77.213138,-0.433782,194
2017-08-02,232924,20697612,77.907189,78.167458,76.345575,76.345575,-0.867563,201
2017-08-03,315296,27933804,76.345575,78.340971,75.99855,76.432331,0.086756,237
2017-08-04,252199,22091210,76.519088,77.299895,75.391255,75.911793,-0.520538,212
2017-08-07,333133,29553188,75.99855,78.340971,75.564768,78.254214,2.342421,266
2017-08-08,244606,21744334,77.907189,77.907189,76.605844,76.952869,-1.301345,214
2017-08-09,143001,12638589,76.952869,77.126382,76.345575,76.866113,-0.086756,135
2017-08-10,895500,81735749,79.815828,80.683392,77.64692,77.993945,1.127832,671
2017-08-11,317300,28041239,77.299895,77.64692,76.085306,76.345575,-1.64837,257
2017-08-14,590547,50068088,76.779357,76.866113,71.747489,71.747489,-4.598086,420
2017-08-15,186298,15606978,72.528296,73.309103,72.181271,73.309103,1.561614,142
2017-08-16,121685,10314748,73.309103,74.08991,72.615053,73.829641,0.520538,108
2017-08-17,139245,11892545,74.176667,74.610448,73.742885,74.263423,0.433782,122
2017-08-18,118148,9994880,73.569372,74.08991,72.875322,73.742885,-0.520538,101
2017-08-21,106150,9074650,73.742885,74.523692,73.742885,74.003154,0.260269,91
2017-08-22,143691,12222773,74.523692,74.783961,72.701809,72.788565,-1.214589,129
2017-08-23,201281,16868774,72.962078,73.742885,72.181271,72.615053,-0.173512,136
2017-08-24,116475,9767349,72.962078,73.656129,72.528296,72.701809,0.086756,114
2017-08-25,78120,6556590,73.482616,73.482616,72.528296,72.701809,0.0,78
2017-08-28,98346,8340135,73.482616,73.916398,72.788565,73.742885,1.041076,94
2017-08-29,98647,8390882,74.176667,74.263423,73.569372,74.263423,0.520538,94
2017-08-30,128103,11012183,74.523692,74.957474,74.263423,74.957474,0.694051,114
2017-08-31,173365,14914871,75.478012,75.478012,74.08991,74.697205,-0.260269,138
2017-09-01,193799,16691092,75.217743,75.217743,74.263423,74.263423,-0.433782,181
2017-09-04,126148,10768780,74.870717,74.870717,73.569372,74.176667,-0.086756,107
2017-09-05,106500,9123848,74.176667,75.04423,73.656129,75.04423,0.867563,99
2017-09-06,658477,58743357,75.130986,80.509879,74.697205,79.208534,4.164304,514
2017-09-07,545895,49835606,80.076097,81.117173,77.213138,77.213138,-1.995396,416
2017-09-08,269346,23805114,76.432331,77.907189,76.172062,76.172062,-1.041076,202
2017-09-11,304049,27401070,76.866113,79.382047,76.866113,77.820433,1.648371,264
2017-09-12,141400,12715197,78.167458,78.774752,77.299895,77.820433,0.0,133
2017-09-13,268806,24202354,78.254214,78.687996,77.473407,77.820433,0.0,222
2017-09-14,495928,45567179,78.254214,81.117173,77.907189,80.24961,2.429177,430
2017-09-15,187443,17202086,80.423123,80.509879,79.035021,79.815828,-0.433782,169
2017-09-18,292810,26314180,79.035021,79.468803,76.779357,76.779357,-3.036471,238
2017-09-19,203015,18064518,77.213138,77.993945,76.432331,76.432331,-0.347026,164
2017-09-20,262394,23048538,77.039626,77.386651,75.391255,75.391255,-1.041076,219
2017-09-21,116081,10167410,75.825037,76.519088,75.478012,76.172062,0.780807,104
2017-09-22,395201,33788185,76.432331,76.6926,73.569372,73.656129,-2.515933,301
2017-09-25,218249,18655689,73.829641,75.391255,73.39586,74.176667,0.520538,156
2017-09-26,132001,11240185,74.697205,74.697205,73.048834,73.569372,-0.607295,108
2017-09-27,101498,8615377,74.350179,74.350179,73.135591,73.135591,-0.433781,86
2017-09-28,149502,12743480,74.436936,74.610448,73.39586,73.569372,0.433781,131
2017-09-29,192350,16328653,74.263423,74.263423,72.962078,73.135591,-0.433781,94
2017-09-30,88847,7572446,74.436936,74.523692,73.482616,74.436936,1.301345,81
2017-10-02,323696,28556817,74.870717,77.733676,74.697205,75.99855,1.561614,219
2017-10-03,147297,12939524,76.952869,76.952869,75.911793,75.911793,-0.086757,111
2017-10-05,272796,24261762,75.99855,77.64692,75.99855,77.64692,1.735127,217
2017-10-06,216897,19370162,78.254214,78.340971,77.039626,77.386651,-0.260269,167
2017-10-11,259463,22465730,76.866113,76.866113,74.08991,74.610448,-2.776203,238
2017-10-12,131099,11370262,75.217743,76.172062,74.610448,75.478012,0.867564,103
2017-10-13,104271,9018149,76.172062,76.172062,74.610448,74.610448,-0.867564,82
2017-10-16,101049,8772938,75.04423,75.651524,75.04423,75.478012,0.867564,80
2017-10-17,76482,6614460,76.172062,76.172062,74.263423,74.263423,-1.214589,79
2017-10-18,213146,18045310,74.783961,74.783961,72.788565,73.222347,-1.041076,190
2017-10-19,111296,9424116,73.222347,73.916398,73.048834,73.309103,0.086756,103
2017-10-20,156001,13153284,73.309103,73.742885,72.615053,72.701809,-0.607294,113
2017-10-23,398349,33741374,73.569372,75.911793,72.788565,72.788565,0.086756,294
2017-10-24,140148,11912680,73.309103,74.263423,73.048834,73.569372,0.780807,128
2017-10-25,128346,10940941,74.08991,74.610448,73.39586,73.569372,0.0,115
2017-10-26,143499,12181665,73.569372,74.08991,73.309103,73.569372,0.0,104
2017-10-27,204296,17357809,74.176667,74.436936,73.39586,73.742885,0.173513,157
2017-10-30,150154,12642465,74.436936,74.610448,72.354784,72.44154,-1.301345,120
2017-10-31,106756,8945295,72.528296,73.222347,72.44154,73.135591,0.694051,108
2017-11-01,85597,7224143,73.916398,73.916398,72.875322,73.309103,0.173512,89
2017-11-02,421948,36711128,73.742885,76.345575,73.39586,75.217743,1.90864,351
2017-11-03,275801,24040926,76.172062,76.345575,75.04423,75.564768,0.347025,209
2017-11-06,173000,15075400,76.779357,76.952869,74.783961,74.783961,-0.780807,128
2017-11-07,139150,11962300,75.391255,75.478012,74.08991,74.697205,-0.086756,106
2017-11-08,231657,19766114,74.783961,75.217743,73.309103,73.309103,-1.388102,198
2017-11-09,291648,24567812,73.742885,74.610448,72.181271,72.181271,-1.127832,215
2017-11-10,360598,30440009,72.268027,74.003154,71.747489,73.048834,0.867563,265
2017-11-13,250456,20885036,73.656129,73.742885,71.573977,72.181271,-0.867563,195
2017-11-14,429102,35049351,71.313708,72.268027,69.405068,70.359388,-1.821883,258
2017-11-15,387863,30809240,69.665337,69.83885,68.363992,68.624261,-1.735127,298
2017-11-16,282198,22305355,68.624261,69.144799,67.669942,68.363992,-0.260269,210
2017-11-17,555754,43989714,69.144799,70.012363,67.583185,68.711018,0.347026,355
2017-11-20,753482,62373938,69.491825,73.569372,68.711018,72.962078,4.25106,456
2017-11-21,534515,45085715,73.482616,74.263423,72.268027,73.742885,0.780807,383
2017-11-22,253797,21430026,73.742885,74.176667,72.875322,72.875322,-0.867563,214
2017-11-23,1254947,110319412,73.222347,77.907189,72.875322,77.213138,4.337816,929
2017-11-24,990836,88684731,76.866113,79.035021,76.345575,76.6926,-0.520538,718
2017-11-27,682248,59375648,77.299895,77.733676,73.742885,73.742885,-2.949715,452
2017-11-28,239297,20427795,74.523692,75.04423,73.482616,73.482616,-0.260269,205
2017-11-29,609149,52747822,74.350179,76.432331,73.742885,74.350179,0.867563,471
2017-11-30,977487,85953457,73.829641,77.993945,73.829641,76.345575,1.995396,692
2017-12-01,4171258,390735369,77.213138,83.980133,77.039626,82.071493,5.725918,2852
2017-12-04,2024732,191259401,83.286082,83.80662,78.861509,79.29529,-2.776203,1384
2017-12-05,1795687,166888630,79.29529,83.459595,77.993945,78.167458,-1.127832,1310
2017-12-06,1003517,89031536,78.340971,78.861509,75.04423,75.217743,-2.949715,688
2017-12-07,583581,50443723,76.172062,77.039626,74.003154,74.003154,-1.214589,448
2017-12-08,322129,27668158,75.304499,75.391255,73.309103,75.04423,1.041076,270
2017-12-11,1748715,160613810,75.478012,82.418518,75.478012,82.158249,7.114019,1245
2017-12-12,1930828,181763000,81.637711,84.413914,78.080702,78.167458,-3.990791,1418
2017-12-13,1052045,97272225,78.861509,81.464199,78.687996,80.076097,1.908639,875
2017-12-14,2528516,254897448,83.286082,88.05768,83.286082,88.05768,7.981583,1096
2017-12-15,7063041,735613982,87.190117,95.86575,84.587427,88.491462,0.433782,5089
2017-12-18,6136388,670124358,91.094152,97.167095,90.66037,96.299532,7.80807,4267
2017-12-19,3740568,407813554,94.998187,97.600877,91.961715,93.26306,-3.036472,2706
2017-12-20,6209513,705090747,92.829279,102.372476,92.829279,101.504912,8.241852,4190
2017-12-21,4704684,559180844,101.504912,105.842729,100.203567,100.637349,-0.867563,3477
2017-12-22,3077590,358339492,101.071131,104.107602,97.600877,104.107602,3.470253,2367
2017-12-25,2676649,311940005,105.408947,105.408947,96.733314,97.600877,-6.506725,1921
2017-12-26,2876120,307419035,98.034659,98.468441,88.925244,90.66037,-6.940507,2135
2017-12-27,2179164,233353299,91.961715,94.564405,91.094152,91.527934,0.867564,1606
2017-12-28,1530253,162584571,91.961715,94.130624,89.792807,92.829279,1.301345,1218
2017-12-29,3227379,359526811,93.26306,98.902222,92.829279,94.998187,2.168908,2320
2018-01-02,1235171,132041706,95.431969,96.299532,91.094152,91.961715,-3.036472,1000
2018-01-03,1825392,200688012,93.26306,97.600877,93.26306,96.733314,4.771599,1425
2018-01-04,1489674,166575666,97.600877,99.769786,94.998187,99.769786,3.036472,1140
2018-01-05,1645244,189538572,98.902222,101.938694,98.468441,98.468441,-1.301345,1240
2018-01-08,1342868,148248876,97.600877,99.769786,92.829279,92.829279,-5.639162,1076
2018-01-09,988905,104457620,93.696842,94.564405,90.226589,90.226589,-2.60269,803
2018-01-10,954501,99578108,91.094152,92.829279,88.491462,92.829279,2.60269,712
2018-01-11,542061,57182932,92.395497,92.395497,90.66037,91.527934,-1.301345,418
2018-01-12,1457137,159750219,92.395497,97.600877,92.395497,93.26306,1.735126,1113
2018-01-15,987680,108483635,94.564405,97.167095,93.26306,95.86575,2.60269,808
2018-01-16,1348610,149767380,96.299532,98.902222,93.696842,93.696842,-2.168908,1047
2018-01-17,772878,82156690,93.26306,94.130624,91.094152,91.961715,-1.735127,629
2018-01-18,543374,58391644,93.26306,94.564405,91.961715,92.829279,0.867564,462
2018-01-19,662502,69955710,92.395497,93.696842,89.792807,91.094152,-1.735127,499
2018-01-22,759998,79099792,91.961715,92.395497,88.925244,90.66037,-0.433782,619
2018-01-23,671199,70129896,91.094152,92.395497,88.925244,88.925244,-1.735126,509
2018-01-24,606484,62808065,89.359025,91.527934,88.05768,91.094152,2.168908,499
2018-01-25,565489,58440878,91.527934,91.527934,87.623899,87.623899,-3.470253,458
2018-01-26,964382,95341731,86.756335,86.756335,85.021209,85.368234,-2.255665,746
2018-01-29,576802,58510506,86.496066,89.359025,86.496066,89.359025,3.990791,494
2018-01-30,1947516,209811448,89.359025,97.167095,89.359025,92.829279,3.470254,1572
2018-01-31,1794502,196405724,92.829279,98.034659,91.094152,97.167095,4.337816,1360
2018-02-01,1812247,204587423,98.034659,99.769786,95.431969,95.431969,-1.735126,1309
2018-02-02,860297,94585076,95.86575,97.600877,94.130624,94.564405,-0.867564,631
2018-02-05,789766,80580879,88.491462,90.226589,86.582823,89.359025,-5.20538,661
2018-02-06,1848455,177011315,85.194721,86.669579,80.423123,80.423123,-8.935902,1103
2018-02-07,712051,68524119,83.80662,84.413914,81.377442,81.377442,0.954319,541
2018-02-08,727214,65531150,79.989341,81.377442,77.039626,77.039626,-4.337816,562
2018-02-09,921684,76920014,70.099119,76.519088,69.925606,74.957474,-2.082152,648
2018-02-12,229022,19913022,77.126382,77.126382,74.957474,74.957474,0.0,189
2018-02-21,526275,47433109,77.039626,80.162854,76.345575,78.254214,3.29674,466
2018-02-22,488203,43796170,78.774752,78.948265,76.779357,76.779357,-1.474857,389
2018-02-23,821502,75905230,77.733676,81.290686,77.64692,79.989341,3.209984,695
2018-02-26,396879,37225236,81.550955,82.592031,80.336366,80.596635,0.607294,345
2018-02-27,373488,34573147,81.030417,82.331762,79.382047,79.382047,-1.214588,345
2018-03-01,200199,18223305,79.035021,79.729072,78.167458,79.382047,0.0,192
2018-03-02,225101,20297591,78.254214,78.774752,77.64692,78.080702,-1.301345,221
2018-03-05,306085,27359750,79.208534,79.642316,75.911793,75.911793,-2.168909,289
2018-03-06,300750,26629018,77.386651,77.820433,76.172062,76.605844,0.694051,243
2018-03-07,262326,23511646,77.039626,78.687996,76.6926,76.952869,0.347025,250
2018-03-08,455476,41051216,77.64692,79.468803,77.213138,77.473407,0.520538,396
2018-03-09,283140,25615752,79.29529,79.29529,77.299895,77.560164,0.086757,224
2018-03-12,1295756,121372436,78.254214,82.331762,78.254214,81.984737,4.424573,1055
2018-03-13,1522749,148140328,82.939057,86.062285,81.984737,83.112569,1.127832,1252
2018-03-14,416040,39393443,82.678788,83.459595,80.856904,81.030417,-2.082152,366
2018-03-15,409536,38902969,81.464199,83.199326,81.20393,82.505275,1.474858,346
2018-03-16,339393,32362301,83.286082,83.980133,81.811224,82.158249,-0.347026,286
2018-03-19,256198,24080892,83.112569,83.372838,80.683392,80.770148,-1.388101,250
2018-03-20,282707,26092844,80.509879,81.464199,79.468803,79.815828,-0.95432,261
2018-03-21,284616,26247172,80.076097,80.596635,79.555559,79.815828,0.0,244
2018-03-22,635118,59621213,81.550955,82.765544,79.642316,79.642316,-0.173512,536
2018-03-23,300349,26923359,76.432331,78.687996,76.432331,77.560164,-2.082152,272
2018-03-26,262249,23592421,77.993945,78.514483,77.213138,78.167458,0.607294,231
2018-03-27,314501,28798992,80.162854,80.596635,78.774752,78.861509,0.694051,245
2018-03-28,978389,92055411,79.382047,82.939057,78.60124,80.509879,1.64837,876
2018-03-29,1173079,112131001,81.984737,84.327158,81.637711,82.505275,1.995396,1234
2018-03-30,955564,93037630,85.888772,85.888772,82.505275,82.505275,0.0,821
2018-03-31,396160,37778719,83.459595,83.980133,81.724468,82.505275,0.0,388
2018-04-02,636162,61569661,83.546351,84.76094,83.372838,83.633107,1.127832,637
2018-04-03,486535,47071557,83.025813,84.76094,82.939057,83.980133,0.347026,440
2018-04-09,400039,38541944,83.719864,84.674183,82.765544,82.8523,-1.127833,350
2018-04-10,880726,80120030,80.683392,80.683392,78.080702,78.080702,-4.771598,738
2018-04-11,347062,31668542,79.208534,79.902585,78.340971,78.427727,0.347025,292
2018-04-12,189313,17231859,79.208534,79.555559,78.427727,78.60124,0.173513,188
2018-04-13,237099,21577609,78.774752,79.555559,78.514483,78.774752,0.173512,238
2018-04-16,268210,24420810,78.774752,79.729072,78.427727,78.60124,-0.173512,276
2018-04-17,262099,23868922,79.121778,80.076097,78.080702,78.254214,-0.347026,251
2018-04-18,683388,60104156,79.121778,79.382047,74.610448,74.870717,-3.383497,530
2018-04-19,478470,41650060,75.738281,76.519088,74.436936,76.519088,1.648371,376
2018-04-20,289044,25551186,76.866113,77.386651,75.738281,77.039626,0.520538,291
2018-04-23,267953,23350056,77.039626,77.039626,74.697205,75.217743,-1.821883,292
2018-04-24,439188,36425592,73.916398,74.08991,70.272632,72.181271,-3.036472,379
2018-04-25,208249,17319222,72.181271,73.829641,71.48722,72.268027,0.086756,234
2018-04-26,366088,29842819,73.222347,73.656129,68.363992,68.711018,-3.557009,298
2018-04-27,425550,33955559,68.797774,70.879926,68.016967,68.537505,-0.173513,345
2018-04-30,281571,22338391,69.83885,69.83885,67.669942,68.711018,0.173513,239
2018-05-02,229059,18231564,69.925606,69.925606,68.537505,69.231556,0.520538,207
2018-05-03,258005,20796100,69.405068,70.619657,68.797774,70.012363,0.780807,213
2018-05-04,175451,14210865,70.012363,70.79317,69.491825,70.532901,0.520538,151
2018-05-07,113002,9220262,71.140195,71.400464,70.359388,70.446144,-0.086757,98
2018-05-08,437224,36417665,70.706413,73.569372,70.706413,72.875322,2.429178,317
2018-05-09,377231,32374110,73.39586,75.738281,73.135591,74.003154,1.127832,302
2018-05-10,541128,45496927,74.003154,74.783961,71.747489,73.39586,-0.607294,378
2018-05-11,226534,19050827,73.829641,74.176667,72.181271,72.181271,-1.214589,196
2018-05-14,220115,18666882,72.875322,74.436936,72.615053,73.39586,1.214589,191
2018-05-15,214266,18078378,74.176667,74.436936,72.007758,72.44154,-0.95432,169
2018-05-16,131202,10974365,72.528296,72.962078,72.094515,72.528296,0.086756,106
2018-05-17,217000,18384300,73.135591,74.003154,72.962078,73.135591,0.607295,191
2018-05-18,335448,28586603,73.742885,74.610448,72.962078,73.829641,0.69405,283
2018-05-21,959162,85340184,76.172062,78.774752,75.478012,76.519088,2.689447,824
2018-05-22,595721,53616479,77.299895,79.121778,76.779357,79.035021,2.515933,495
2018-05-23,448720,40280694,79.29529,79.29529,77.039626,77.299895,-1.735126,372
2018-05-24,268597,24229126,77.907189,78.861509,77.560164,77.993945,0.69405,249
2018-05-25,414259,37805843,78.080702,79.815828,78.080702,78.948265,0.95432,367
2018-05-28,934299,87297415,79.815828,82.939057,78.948265,81.464199,2.515934,730
2018-05-29,498439,46395027,82.245006,82.245006,79.815828,79.902585,-1.561614,415
2018-05-30,447631,40199513,78.948265,79.035021,77.039626,77.473407,-2.429178,347
2018-05-31,237251,21252437,78.167458,78.687996,77.039626,77.039626,-0.433781,198
2018-06-01,209780,18744767,77.213138,78.167458,76.866113,77.213138,0.173512,171
2018-06-04,433450,38753500,78.080702,78.514483,77.039626,77.299895,0.086757,351
2018-06-05,424260,38060165,77.820433,78.861509,77.213138,77.213138,-0.086757,394
2018-06-06,492174,43880566,77.733676,78.167458,76.605844,77.733676,0.520538,410
2018-06-07,888449,80293961,78.514483,80.076097,77.213138,77.213138,-0.520538,661
2018-06-08,1163479,96281136,73.309103,73.656129,70.619657,72.007758,-5.20538,926
2018-06-11,435300,35629039,72.007758,72.007758,70.099119,70.966682,-1.041076,334
2018-06-12,504148,42637621,71.400464,75.04423,71.400464,74.003154,3.036472,399
2018-06-13,179355,15156996,74.610448,74.610448,72.701809,72.875322,-1.127832,164
2018-06-14,148000,12398100,73.048834,73.656129,72.007758,72.44154,-0.433782,127
2018-06-15,362348,31085483,72.788565,75.738281,72.615053,73.482616,1.041076,315
2018-06-19,216153,18427833,73.39586,75.564768,72.788565,73.742885,0.260269,185
2018-06-20,306600,25488599,74.176667,74.350179,71.140195,72.007758,-1.735127,265
2018-06-21,125708,10449588,72.615053,73.135591,71.660733,71.834246,-0.173512,119
2018-06-22,141199,11651017,71.660733,72.268027,70.879926,71.747489,-0.086757,122
2018-06-25,171299,14094776,71.226951,72.354784,70.79317,70.879926,-0.867563,169
2018-06-26,210109,16924073,70.099119,70.706413,69.491825,69.83885,-1.041076,188
2018-06-27,253301,20283867,69.752094,70.446144,68.971287,69.231556,-0.607294,205
2018-06-28,316220,25542109,69.231556,71.053439,69.058043,69.231556,0.0,247
2018-06-29,196049,15937818,70.272632,71.053439,69.83885,70.532901,1.301345,175
2018-07-02,136152,11052457,71.053439,71.313708,69.925606,70.272632,-0.260269,102
2018-07-03,163299,13117620,70.706413,70.966682,69.058043,69.405068,-0.867564,134
2018-07-04,223291,17715151,69.752094,69.752094,68.537505,68.537505,-0.867563,151
2018-07-05,459100,35852580,69.83885,69.83885,66.802378,66.802378,-1.735127,323
2018-07-06,289195,21841910,66.889134,67.583185,64.199688,64.980495,-1.821883,258
2018-07-09,84150,6382828,65.848058,67.23616,65.240764,65.240764,0.260269,83
2018-07-10,112052,8501256,65.934815,66.542109,65.32752,65.501033,0.260269,109
2018-07-11,154001,11448275,64.893739,65.501033,63.852663,64.720226,-0.780807,126
2018-07-12,256205,19384287,64.720226,67.409672,64.459957,67.23616,2.515934,176
2018-07-13,319300,24480540,67.23616,67.496429,65.587789,67.23616,0.0,236
2018-07-16,235300,18569588,67.496429,69.318312,67.23616,67.930211,0.694051,200
2018-07-17,109849,8538873,67.756698,68.450749,66.889134,67.322916,-0.607295,106
2018-07-18,237200,18670600,67.843454,69.144799,67.409672,67.496429,0.173513,208
2018-07-19,128049,9902152,68.016967,68.19048,66.455353,66.455353,-1.041076,120
2018-07-20,200001,15243876,66.542109,67.062647,65.674546,65.674546,-0.780807,154
2018-07-23,276423,20368515,64.63347,64.980495,63.505637,63.505637,-2.168909,244
2018-07-24,150499,11036776,63.332125,64.199688,63.071856,63.765906,0.260269,124
2018-07-25,339250,25600850,63.505637,67.322916,63.505637,66.455353,2.689447,272
2018-07-26,131600,10146000,66.889134,67.583185,65.934815,67.062647,0.607294,123
2018-07-27,155300,12064200,67.669942,68.277236,66.628865,66.975891,-0.086756,142
2018-07-30,147799,11281182,67.669942,67.843454,64.720226,65.674546,-1.301345,136
2018-07-31,110002,8306154,66.108327,66.195084,64.373201,65.587789,-0.086757,84
2018-08-01,357148,26844800,65.674546,66.195084,64.806982,64.806982,-0.780807,212
2018-08-02,130112,9526588,65.520127,65.520127,64.985268,64.985268,0.178286,108
2018-08-03,103163,7607874,65.252698,66.589843,65.252698,65.787556,0.802288,88
2018-08-06,73003,5393219,66.768129,66.768129,65.252698,65.60927,-0.178286,66
2018-08-07,66351,4880643,65.60927,66.144128,65.252698,65.787556,0.178286,48
2018-08-08,401097,28788537,65.787556,65.787556,62.756693,62.845836,-2.94172,325
2018-08-09,439200,30280500,61.50869,62.578407,60.61726,61.776119,-1.069717,304
2018-08-10,275201,19036127,62.489264,63.291551,60.61726,61.062975,-0.713144,243
2018-08-13,473300,30850059,60.260688,60.260688,56.249252,56.516681,-4.546294,369
2018-08-14,177052,11300980,56.516681,58.121255,55.981823,56.78411,0.267429,149
2018-08-15,247499,15560736,56.78411,57.67554,55.090392,55.090392,-1.693718,221
2018-08-16,245181,14974109,54.377248,55.803536,53.129246,55.179535,0.089143,208
2018-08-17,233834,14917139,55.536107,57.942969,55.446964,56.78411,1.604575,210
2018-08-20,254253,15490906,56.694967,56.78411,53.307532,53.664104,-3.120006,208
2018-08-21,168100,10210400,53.664104,54.822963,53.664104,53.84239,0.178286,134
2018-08-22,121020,7450560,54.377248,55.268678,54.377248,55.001249,1.158859,105
2018-08-23,62533,3859979,55.090392,55.62525,54.555534,55.268678,0.267429,54
2018-08-24,152098,9170678,54.912106,55.179535,52.95096,54.377248,-0.89143,125
2018-08-27,162052,9997568,54.822963,55.981823,53.931533,55.981823,1.604575,151
2018-08-28,88049,5516066,55.981823,56.427538,55.536107,55.714393,-0.26743,86
2018-08-29,75288,4729315,55.892679,56.427538,55.536107,56.160109,0.445716,69
2018-08-30,63181,3975310,56.249252,56.249252,55.892679,56.160109,0.0,58
2018-08-31,48596,3071062,56.160109,56.78411,55.803536,56.78411,0.624001,39
2018-09-03,90200,5711519,56.694967,56.78411,56.070966,56.160109,-0.624001,61
2018-09-04,123003,7939489,56.160109,58.032112,56.160109,56.873253,0.713144,106
2018-09-05,78500,5047000,56.694967,57.853826,56.605824,57.408111,0.534858,72
2018-09-06,113608,7335912,57.497254,58.656113,56.694967,57.408111,0.0,102
2018-09-07,197251,12263709,57.408111,58.032112,53.931533,54.020676,-3.387435,175
2018-09-10,367402,20939012,51.257242,52.326958,49.474381,49.920097,-4.100579,290
2018-09-11,905024,48078557,49.474381,50.989813,46.176089,46.265232,-3.654865,658
2018-09-12,274253,14204905,46.978377,47.156663,45.462945,46.265232,0.0,210
2018-09-13,183512,9500359,45.997803,47.06752,45.552088,45.552088,-0.713144,162
2018-09-14,180000,9408400,45.641231,47.869807,45.462945,47.245806,1.693718,152
2018-09-17,108304,5759412,46.978377,48.315522,46.80009,47.424092,0.178286,108
2018-09-18,745225,42950057,47.691521,52.148672,47.513235,52.148672,4.72458,541
2018-09-19,1102634,66916008,52.505244,56.78411,51.435528,53.574961,1.426289,941
2018-09-20,367558,21936322,53.574961,54.198962,52.505244,52.95096,-0.624001,336
2018-09-21,344300,21267808,53.396675,55.981823,53.396675,55.357821,2.406861,297
2018-09-25,129217,7948571,55.62525,55.62525,54.555534,55.001249,-0.356572,120
2018-09-26,177401,10851760,55.001249,55.892679,53.753247,54.822963,-0.178286,147
2018-09-27,138386,8502846,54.822963,55.62525,54.020676,54.377248,-0.445715,130
2018-09-28,68000,4146200,54.73382,55.001249,53.753247,54.109819,-0.267429,66
2018-10-01,170149,10518405,54.377248,55.714393,54.377248,55.446964,1.337145,153
2018-10-02,89001,5498661,55.446964,55.803536,54.555534,54.555534,-0.89143,87
2018-10-03,96000,5781600,54.644677,54.822963,53.129246,53.396675,-1.158859,87
2018-10-04,58001,3459960,53.574961,53.931533,52.68353,53.753247,0.356572,56
2018-10-05,221143,12621151,52.326958,53.396675,49.474381,50.098383,-3.654864,189
2018-10-08,205015,11115211,49.652667,49.652667,47.424092,47.780664,-2.317719,171
2018-10-09,195020,10250270,47.780664,48.226379,46.354375,47.06752,-0.713144,166
2018-10-11,432200,20643666,43.680084,43.680084,42.387511,42.387511,-4.680009,265
2018-10-12,228299,10400238,38.598932,42.342939,38.598932,41.674366,-0.713145,197
2018-10-15,68004,3191254,41.629795,42.922369,40.649221,41.986367,0.312001,69
2018-10-16,114499,5505350,42.565797,43.54637,42.164653,42.164653,0.178286,85
2018-10-17,52003,2494156,43.323512,43.54637,42.164653,42.164653,0.0,48
2018-10-18,65000,3075800,42.164653,42.96694,41.451509,41.986367,-0.178286,60
2018-10-19,125994,5826165,41.49608,41.852652,40.649221,41.228651,-0.757716,116
2018-10-22,76049,3573319,41.674366,42.565797,40.782936,42.521225,1.292574,82
2018-10-23,62004,2927538,42.521225,42.65494,41.540652,41.986367,-0.534858,64
2018-10-24,166035,7525739,41.094937,41.406937,40.02522,40.114363,-1.872004,151
2018-10-25,228119,9592494,36.994357,37.885788,36.816071,37.885788,-2.228575,169
2018-10-26,178008,7649136,38.598932,39.089218,37.573787,37.796645,-0.089143,157
2018-10-29,111005,4675565,38.331503,38.331503,36.637785,38.108645,0.312,99
2018-10-30,108080,4545977,38.197788,38.331503,36.994357,37.885788,-0.222857,87
2018-10-31,119399,5256034,38.420646,39.891506,38.420646,39.401219,1.515431,118
2018-11-01,222219,10268652,39.401219,42.788654,38.777218,41.540652,2.139433,191
2018-11-02,189051,8985981,42.030938,42.833226,41.897224,42.521225,0.980573,148
2018-11-05,100099,4736052,41.451509,43.056083,40.827508,42.96694,0.445715,86
2018-11-06,99793,4693184,43.457227,43.769227,41.362366,41.629795,-1.337145,84
2018-11-07,150050,7047182,42.521225,42.521225,41.273223,41.808081,0.178286,129
2018-11-08,153598,7192728,42.164653,42.521225,41.451509,41.540652,-0.267429,130
2018-11-09,155000,7079400,41.139508,42.253796,40.069792,40.114363,-1.426289,117
2018-11-12,163001,7208744,40.292649,40.337221,38.866361,38.910932,-1.203431,137
2018-11-13,287205,12021825,36.816071,37.930359,36.816071,37.440072,-1.47086,263
2018-11-14,145050,6080379,37.930359,38.019502,37.0835,37.261786,-0.178286,139
2018-11-15,328051,13599772,37.395501,37.529215,36.548642,37.172643,-0.089143,268
2018-11-16,399049,16608982,37.217215,37.796645,36.726928,36.994357,-0.178286,332
2018-11-19,183099,7641358,37.217215,37.707501,36.949786,37.440072,0.445715,169
2018-11-20,454301,19032443,37.128072,38.509789,36.726928,36.726928,-0.713144,370
2018-11-21,2034082,89589628,37.261786,40.381792,37.172643,38.598932,1.872004,1405
2018-11-22,924011,39563684,39.312076,39.312076,37.306358,37.395501,-1.203431,671
2018-11-23,1283355,56560137,38.064074,40.693793,37.796645,39.490362,2.094861,1063
2018-11-26,591099,26415565,40.069792,40.426364,39.312076,39.846934,0.356572,456
2018-11-27,368052,16476796,40.203506,40.426364,39.401219,40.337221,0.490287,332
2018-11-28,1635575,79198951,40.470935,44.348657,40.470935,44.348657,4.011436,1036
2018-11-29,1385481,70992459,44.393229,46.889234,44.393229,44.571515,0.222858,1144
2018-11-30,556046,28102412,44.749801,46.265232,44.393229,44.482372,-0.089143,463
2018-12-03,522592,26798883,46.265232,46.889234,44.749801,45.730374,1.248002,430
2018-12-04,855476,45496211,46.176089,48.404665,45.284659,47.780664,2.05029,642
2018-12-05,394055,20287844,46.532661,46.621804,45.284659,45.462945,-2.317719,344
2018-12-06,447104,21685836,45.462945,45.90866,41.629795,42.565797,-2.897148,376
2018-12-07,589207,27419380,41.228651,42.744083,40.649221,42.565797,0.0,510
2018-12-10,121001,5660599,41.451509,42.209224,41.139508,41.406937,-1.15886,107
2018-12-11,145205,6825404,41.18408,42.744083,41.18408,42.164653,0.757716,122
2018-12-12,394495,19232001,42.788654,43.992085,42.65494,43.680084,1.515431,339
2018-12-13,834850,41943708,43.992085,46.086946,43.323512,44.526943,0.846859,650
2018-12-14,1623728,86049112,45.284659,48.672094,44.660658,48.048093,3.52115,1287
2018-12-17,3040355,170138194,48.582951,51.435528,48.137236,49.117809,1.069716,2026
2018-12-18,1063209,56319868,46.889234,49.028666,45.462945,46.354375,-2.763434,831
2018-12-19,636207,33636786,47.06752,47.780664,46.354375,47.780664,1.426289,502
2018-12-20,980175,52793020,47.869807,49.385238,46.443518,46.621804,-1.15886,822
2018-12-21,407199,20945892,46.621804,46.978377,44.749801,46.176089,-0.445715,363
2018-12-22,92751,4755522,46.176089,46.176089,45.462945,45.641231,-0.534858,88
2018-12-24,471011,24686672,46.710947,47.780664,45.641231,46.621804,0.980573,375
2018-12-25,538051,28125967,45.462945,47.691521,45.284659,46.176089,-0.445715,458
2018-12-26,1749577,95005425,47.424092,50.098383,46.443518,46.443518,0.267429,1471
2018-12-27,1647190,91398150,48.761237,50.544098,48.226379,48.404665,1.961147,1310
2018-12-28,552358,30229946,48.048093,49.385238,47.869807,48.939523,0.534858,490
2019-01-02,1397276,79327056,50.365812,51.702957,49.74181,49.920097,0.980574,1115
2019-01-03,1287003,71105280,50.722384,51.346385,47.245806,48.315522,-1.604575,1052
2019-01-04,1227516,62516832,47.245806,47.602378,44.036657,44.526943,-3.788579,933
2019-01-07,498012,25404224,46.086946,46.086946,44.749801,44.749801,0.222858,423
2019-01-08,278049,13994631,44.1258,45.462945,44.1258,45.462945,0.713144,241
2019-01-09,478098,23974102,45.641231,45.730374,43.680084,43.680084,-1.782861,407
2019-01-10,224031,11139138,43.680084,45.01723,43.680084,43.992085,0.312001,200
2019-01-11,417103,20384133,44.214943,44.838944,42.476654,43.189798,-0.802287,344
2019-01-14,384150,19045722,43.189798,44.928087,43.189798,44.1258,0.936002,337
2019-01-15,337005,16770545,44.749801,44.838944,43.858371,44.1258,0.0,292
2019-01-16,448032,22582262,44.4378,45.462945,44.214943,44.482372,0.356572,356
2019-01-17,358030,18088823,44.838944,45.373802,44.482372,44.838944,0.356572,288
2019-01-18,224016,11327316,45.106373,45.997803,44.660658,44.838944,0.0,210
2019-01-21,161067,8081971,45.01723,45.284659,44.304086,44.571515,-0.267429,152
2019-01-22,104003,5192900,44.660658,45.01723,44.259514,44.259514,-0.312001,99
2019-01-23,136010,6793661,44.526943,44.928087,44.214943,44.214943,-0.044571,120
2019-01-24,152299,7653458,44.660658,45.106373,44.4378,44.749801,0.534858,148
2019-01-25,430057,21922017,45.373802,45.819517,44.928087,45.373802,0.624001,345
2019-01-28,224516,11508038,45.552088,45.90866,45.284659,45.284659,-0.089143,229
2019-01-29,165093,8379604,45.284659,45.730374,44.928087,45.195516,-0.089143,120
2019-01-30,138062,7009552,45.641231,45.641231,44.928087,45.373802,0.178286,113
2019-02-11,171031,8704806,45.641231,45.730374,44.660658,45.284659,-0.089143,165
2019-02-12,480389,24928317,45.730374,46.710947,45.730374,46.710947,1.426288,409
2019-02-13,301115,15839532,47.156663,47.691521,46.354375,46.621804,-0.089143,267
2019-02-14,1292126,72048244,48.137236,51.257242,47.869807,51.257242,4.635438,920
2019-02-15,1420305,83518547,52.594387,53.307532,51.613814,52.148672,0.89143,1039
2019-02-18,2156873,133789028,52.237815,57.318968,52.237815,57.318968,5.170296,1396
2019-02-19,2268339,148095785,57.942969,59.369258,57.318968,57.764683,0.445715,1537
2019-02-20,1351526,87012688,58.923542,58.923542,55.892679,56.962396,-0.802287,870
2019-02-21,903055,56308330,56.962396,56.962396,55.090392,55.536107,-1.426289,576
2019-02-22,577696,35364258,55.62525,55.892679,53.931533,54.644677,-0.89143,495
2019-02-25,1171019,73935978,55.536107,57.229825,54.822963,55.803536,1.158859,796
2019-02-26,1159109,71585067,56.427538,56.427538,54.377248,55.179535,-0.624001,571
2019-02-27,837394,52721488,55.892679,57.67554,54.377248,57.497254,2.317719,654
2019-03-04,632334,40863350,57.942969,58.56697,56.78411,57.67554,0.178286,483
2019-03-05,384080,24832768,57.67554,58.656113,56.605824,56.605824,-1.069716,268
2019-03-06,280079,17766298,56.78411,57.229825,55.803536,55.981823,-0.624001,205
2019-03-07,597123,36376203,55.803536,55.803536,53.574961,53.574961,-2.406862,343
2019-03-08,475000,28786000,53.84239,55.179535,52.772673,54.020676,0.445715,293
2019-03-11,533071,32233342,54.198962,54.644677,52.95096,54.555534,0.534858,402
2019-03-12,440230,27004927,55.001249,55.268678,53.931533,54.377248,-0.178286,289
2019-03-13,117214,7135557,55.001249,55.001249,53.931533,53.931533,-0.445715,122
2019-03-14,276500,16706335,54.466391,54.555534,53.307532,53.574961,-0.356572,229
2019-03-15,980010,60862410,54.198962,56.694967,53.931533,54.644677,1.069716,723
2019-03-18,554602,34513241,54.912106,56.338395,54.644677,55.803536,1.158859,448
2019-03-19,347099,21677506,55.981823,56.160109,55.179535,55.536107,-0.267429,293
2019-03-20,349633,21903237,55.536107,56.873253,55.090392,56.78411,1.248003,321
2019-03-21,226298,14278474,56.427538,56.605824,55.892679,56.427538,-0.356572,209
2019-03-22,1079943,69924709,57.051539,58.923542,56.427538,56.516681,0.089143,772
2019-03-25,365096,22410996,55.357821,55.357821,54.109819,55.090392,-1.426289,268
2019-03-26,193158,12056551,55.268678,56.160109,55.090392,55.981823,0.891431,156
2019-03-27,1264527,82670681,56.873253,59.72583,56.427538,59.72583,3.744007,981
2019-03-28,2103672,140794806,59.904116,61.686976,57.942969,58.032112,-1.693718,1583
2019-03-29,1139968,75729414,58.656113,60.349831,58.121255,58.745256,0.713144,902
2019-04-01,575492,38533780,59.458401,60.171545,59.190972,59.814973,1.069717,616
2019-04-02,523160,35311433,60.171545,61.241261,59.547544,59.547544,-0.267429,477
2019-04-03,303149,20195224,59.814973,59.993259,58.923542,59.190972,-0.356572,277
2019-04-08,335125,22438161,59.547544,60.349831,58.923542,59.280115,0.089143,333
2019-04-09,434458,29218790,60.260688,60.795546,59.280115,59.280115,0.0,337
2019-04-10,1352583,93271747,59.72583,62.756693,59.280115,62.221835,2.94172,940
2019-04-11,532068,36610847,62.489264,62.66755,60.61726,60.61726,-1.604575,373
2019-04-12,197179,13258332,60.795546,60.973832,59.547544,59.547544,-1.069716,214
2019-04-15,320336,21274701,59.72583,60.171545,58.56697,58.56697,-0.980574,317
2019-04-16,196190,12978262,58.56697,59.458401,58.299541,59.369258,0.802288,181
2019-04-17,337097,22908896,59.904116,61.241261,59.636687,60.082402,0.713144,281
2019-04-18,851500,58660873,60.438974,62.400121,59.72583,59.72583,-0.356572,699
2019-04-19,195099,13089766,60.438974,60.61726,59.101829,59.547544,-0.178286,183
2019-04-22,146199,9737552,60.082402,60.082402,58.923542,59.190972,-0.356572,203
2019-04-23,155120,10292740,60.349831,60.349831,58.656113,58.923542,-0.26743,144
2019-04-24,126036,8306620,59.904116,59.904116,58.210398,58.299541,-0.624001,137
2019-04-25,116468,7616092,58.121255,58.834399,57.942969,58.834399,0.534858,148
2019-04-26,356100,22702700,58.299541,58.299541,56.070966,56.605824,-2.228575,246
2019-04-29,159460,9960895,56.78411,56.78411,55.090392,56.160109,-0.445715,136
2019-04-30,209049,13477604,56.070966,58.656113,56.070966,58.656113,2.496004,154
2019-05-02,225412,14946792,58.834399,59.72583,58.477827,59.190972,0.534859,182
2019-05-03,219949,14698807,59.190972,59.814973,59.190972,59.72583,0.534858,136
2019-05-06,256303,17178348,59.101829,60.528117,58.923542,59.280115,-0.445715,194
2019-05-07,86600,5796177,59.72583,60.171545,59.280115,59.904116,0.624001,85
2019-05-08,480203,30868231,57.586397,58.299541,56.160109,56.694967,-3.209149,356
2019-05-09,339302,21270343,56.605824,57.140682,54.288105,55.090392,-1.604575,259
2019-05-10,162102,10050124,55.62525,55.981823,54.288105,54.912106,-0.178286,137
2019-05-13,256381,15316719,54.912106,54.912106,52.416101,53.396675,-1.515431,211
2019-05-14,154020,9081803,52.594387,53.753247,50.989813,53.753247,0.356572,126
2019-05-15,67150,4072678,53.753247,54.377248,53.485818,54.377248,0.624001,61
2019-05-16,122020,7287000,54.377248,54.377248,52.594387,53.307532,-1.069716,103
2019-05-17,191099,11105661,53.307532,53.931533,50.187526,51.524671,-1.782861,153
2019-05-20,231003,13140874,51.435528,51.702957,49.206952,51.702957,0.178286,190
2019-05-21,71499,4081690,51.702957,51.702957,50.187526,51.702957,0.0,63
2019-05-22,70008,4078964,51.702957,52.416101,51.346385,52.059529,0.356572,62
2019-05-23,62017,3562892,51.346385,51.613814,50.722384,51.613814,-0.445715,51
2019-05-24,98140,5619705,51.613814,51.702957,50.811527,51.257242,-0.356572,81
2019-05-27,39100,2246800,51.257242,51.613814,50.90067,51.435528,0.178286,39
2019-05-28,68299,3912262,51.435528,51.435528,50.633241,51.435528,0.0,65
2019-05-29,43002,2455212,51.346385,51.346385,50.633241,50.722384,-0.713144,44
2019-05-30,92150,5291109,50.722384,51.524671,50.722384,51.435528,0.713144,65
2019-05-31,164151,9543386,51.435528,52.772673,51.078956,51.435528,0.0,135
2019-06-03,132011,7548538,51.524671,51.524671,50.633241,51.257242,-0.178286,109
2019-06-04,99020,5700557,51.702957,52.059529,50.90067,51.168099,-0.089143,87
2019-06-05,78008,4545964,51.7921,52.237815,51.702957,51.702957,0.534858,61
2019-06-06,99130,5815753,51.702957,52.861816,51.702957,52.505244,0.802287,85
2019-06-10,133175,8134552,54.377248,54.822963,53.931533,54.198962,1.693718,130
2019-06-11,105001,6355260,54.377248,54.377248,53.485818,53.931533,-0.267429,90
2019-06-12,53061,3202307,54.020676,54.288105,53.485818,53.664104,-0.267429,52
2019-06-13,49349,2954559,53.664104,53.84239,52.861816,53.129246,-0.534858,48
2019-06-14,76002,4554318,53.218389,54.198962,52.861816,53.218389,0.089143,68
2019-06-17,28063,1674246,53.218389,53.396675,52.861816,53.396675,0.178286,33
2019-06-18,103000,6221400,53.396675,54.288105,53.396675,53.574961,0.178286,71
2019-06-19,94698,5776596,54.377248,54.644677,53.753247,54.377248,0.802287,92
2019-06-20,104100,6347678,54.377248,54.644677,53.84239,54.555534,0.178286,98
2019-06-21,125373,7654253,54.912106,55.090392,53.664104,53.664104,-0.89143,103
2019-06-24,82051,4895560,54.020676,54.020676,52.68353,53.040103,-0.624001,78
2019-06-25,105101,6128458,53.040103,53.129246,51.257242,51.257242,-1.782861,91
2019-06-26,244099,13947211,50.989813,51.346385,50.365812,51.078956,-0.178286,196
2019-06-27,229000,13209800,51.346385,52.416101,50.633241,52.326958,1.248002,168
2019-06-28,114101,6624728,51.970386,52.505244,51.346385,51.881243,-0.445715,98
2019-07-01,505170,31075586,53.574961,55.62525,53.574961,55.179535,3.298292,340
2019-07-02,182354,11334708,55.179535,55.892679,54.822963,55.357821,0.178286,144
2019-07-03,156053,9713853,55.268678,56.249252,55.001249,55.090392,-0.267429,125
2019-07-04,128102,8088183,56.160109,56.873253,55.892679,55.892679,0.802287,109
2019-07-05,77151,4835536,56.427538,56.516681,55.536107,55.892679,0.0,69
2019-07-08,325053,20275947,56.070966,56.516681,54.555534,54.644677,-1.248002,296
2019-07-09,236184,14103919,54.644677,54.644677,52.416101,52.416101,-2.228576,199
2019-07-10,119209,7098714,52.772673,53.396675,52.68353,53.307532,0.891431,96
2019-07-11,131375,7981249,54.912106,54.912106,53.753247,53.931533,0.624001,118
2019-07-12,102012,6203724,54.109819,54.73382,53.84239,54.109819,0.178286,85
2019-07-15,75015,4571008,54.73382,54.73382,54.020676,54.377248,0.267429,71
2019-07-16,96401,5908919,54.466391,55.090392,54.288105,55.090392,0.713144,87
2019-07-17,64101,3944700,55.090392,55.090392,54.555534,54.822963,-0.267429,50
2019-07-18,80142,4864075,53.574961,54.822963,53.574961,53.84239,-0.980573,76
2019-07-19,68062,4126731,54.288105,54.466391,53.664104,53.84239,0.0,70
2019-07-22,434508,26968997,54.198962,55.892679,54.020676,55.714393,1.872003,344
2019-07-23,299258,18814996,56.160109,56.78411,55.268678,55.268678,-0.445715,239
2019-07-24,825426,53653816,56.160109,59.190972,55.803536,58.56697,3.298292,641
2019-07-25,822951,54876189,59.72583,60.61726,57.942969,58.032112,-0.534858,660
2019-07-26,209245,13501880,57.853826,58.299541,57.051539,57.051539,-0.980573,177
2019-07-29,376004,23795552,57.229825,57.586397,55.892679,55.981823,-1.069716,257
2019-07-30,287105,17766094,56.516681,56.605824,54.555534,54.644677,-1.337146,219
2019-07-31,342100,20995219,54.822963,55.268678,54.198962,55.268678,0.624001,233
2019-08-01,232101,14146321,55.259619,55.984336,54.716082,55.259619,-0.009059,195
2019-08-02,407380,24066908,54.353724,54.353724,53.08547,53.447829,-1.81179,267
2019-08-05,105149,6183471,53.538418,53.900776,52.723112,52.723112,-0.724717,86
2019-08-06,217004,12384536,50.911321,53.538418,50.911321,53.08547,0.362358,122
2019-08-07,60102,3507866,53.900776,53.900776,52.541933,52.541933,-0.543537,57
2019-08-08,217238,13042997,53.08547,54.897261,53.08547,54.444313,1.90238,166
2019-08-12,221070,13480856,55.803157,55.803157,54.625493,54.625493,0.18118,162
2019-08-13,81150,4866238,54.534903,54.534903,53.991366,53.991366,-0.634127,74
2019-08-14,160009,9705046,54.806672,55.440798,54.625493,54.716082,0.724716,110
2019-08-15,99232,5875648,53.900776,54.172545,53.266649,53.629008,-1.087074,85
2019-08-16,73100,4371149,53.900776,54.534903,53.538418,54.444313,0.815305,63
2019-08-19,290149,18056724,55.07844,56.890231,55.07844,56.709052,2.264739,246
2019-08-20,240090,15185934,57.614947,58.339664,56.618462,56.709052,0.0,180
2019-08-21,149098,9286424,56.437283,57.162,55.984336,56.618462,-0.09059,114
2019-08-22,229100,14522129,57.343179,58.249074,56.799642,56.799642,0.18118,191
2019-08-23,935841,61420446,57.07141,60.694992,57.07141,59.789096,2.989454,713
2019-08-26,235124,15042294,58.158485,58.611432,57.524358,57.524358,-2.264738,233
2019-08-27,202101,13106782,58.067895,59.789096,57.977306,58.520843,0.996485,164
2019-08-28,177301,11553511,58.520843,60.060865,58.339664,58.339664,-0.181179,165
2019-08-29,156151,10108692,59.245559,59.517328,58.067895,58.339664,0.0,130
2019-08-30,163459,10509619,59.336149,59.336149,57.705537,58.339664,0.0,135
2019-09-02,91302,5909648,58.339664,59.336149,57.977306,59.245559,0.905895,87
2019-09-03,301253,19941893,59.517328,60.96676,58.792611,58.97379,-0.271769,238
2019-09-04,175599,11580013,59.06438,60.151454,59.06438,59.970275,0.996485,144
2019-09-05,2518145,177680054,60.694992,65.949185,60.694992,65.949185,5.97891,1713
2019-09-06,3057161,226457470,67.489207,69.300998,64.590342,65.677416,-0.271769,2336
2019-09-09,1221516,84047742,64.318573,64.499752,61.147939,62.053835,-3.623581,875
2019-09-10,360361,24228540,61.963245,61.963245,60.242044,60.332634,-1.721201,293
2019-09-11,356366,23529824,60.060865,60.785581,58.97379,58.97379,-1.358844,294
2019-09-12,207261,13728402,59.517328,60.332634,59.517328,60.332634,1.358844,158
2019-09-16,219100,14302320,60.332634,60.332634,58.611432,58.883201,-1.449433,174
2019-09-17,104002,6799530,59.517328,59.607917,58.97379,58.97379,0.090589,76
2019-09-18,997311,67996148,59.517328,62.95973,59.517328,61.238529,2.264739,772
2019-09-19,275000,18501300,61.238529,61.600887,60.332634,61.05735,-0.181179,219
2019-09-20,221272,14895557,61.238529,61.872656,60.513813,60.513813,-0.543537,182
2019-09-23,160168,10670522,60.513813,60.876171,59.970275,60.060865,-0.452948,115
2019-09-24,146409,9681906,60.060865,60.604402,59.426738,59.517328,-0.543537,132
2019-09-25,225201,14567365,59.426738,59.426738,58.158485,58.339664,-1.177664,192
2019-09-26,95049,6098045,58.339664,58.97379,57.796126,57.886716,-0.452948,78
2019-09-27,199300,12529400,57.977306,57.977306,56.527873,56.527873,-1.358843,162
2019-10-01,110030,6899490,56.618462,57.252589,56.527873,56.527873,0.0,85
2019-10-02,74099,4660295,56.890231,57.162,56.799642,57.07141,0.543537,54
2019-10-03,105000,6550700,55.893746,56.980821,55.893746,56.437283,-0.634127,87
2019-10-04,134234,8442354,56.980821,57.343179,56.618462,56.709052,0.271769,104
2019-10-07,69249,4391535,57.162,57.796126,57.07141,57.162,0.452948,60
2019-10-08,116842,7263746,56.799642,56.890231,55.803157,56.165515,-0.996485,108
2019-10-09,180108,11424365,56.256104,58.611432,56.256104,56.799642,0.634127,158
2019-10-14,317350,20620250,58.249074,59.789096,57.977306,58.792611,1.992969,270
2019-10-15,125551,8177138,58.883201,59.607917,58.611432,58.611432,-0.181179,100
2019-10-16,132299,8584425,59.15497,59.426738,58.249074,58.249074,-0.362358,103
2019-10-17,143440,9380862,58.158485,59.879686,58.158485,59.789096,1.540022,127
2019-10-18,124900,8199536,60.060865,60.332634,58.883201,58.883201,-0.905895,113
2019-10-21,128002,8231428,58.430253,58.702022,57.977306,58.249074,-0.634127,85
2019-10-22,138401,9004623,59.698507,59.698507,58.520843,58.702022,0.452948,114
2019-10-23,149011,9705909,58.883201,60.060865,58.067895,58.430253,-0.271769,119
2019-10-24,141601,9232343,58.611432,59.245559,58.611432,59.06438,0.634127,114
2019-10-25,234199,15090872,59.15497,59.698507,57.886716,57.977306,-1.087074,207
2019-10-28,680304,45115183,58.611432,60.694992,58.611432,60.513813,2.536507,507
2019-10-29,367238,24353715,60.694992,61.147939,58.883201,59.06438,-1.449433,315
2019-10-30,1248422,85751357,59.426738,63.593857,59.426738,61.963245,2.898865,1008
2019-10-31,351948,23679834,61.691477,62.325603,60.151454,60.332634,-1.630611,299
2019-11-01,834069,57868092,60.604402,63.775036,60.332634,63.322088,2.989454,675
2019-11-04,1924152,137964558,65.224469,66.220954,63.503267,63.503267,0.181179,1320
2019-11-05,412882,28862726,63.775036,63.956215,62.506783,63.684447,0.18118,314
2019-11-06,562101,39447888,64.409163,65.315058,62.416193,62.416193,-1.268254,373
2019-11-07,642353,43870872,63.140909,63.956215,60.513813,61.782066,-0.634127,470
2019-11-08,269748,18393489,62.597372,62.597372,61.238529,61.510298,-0.271768,205
2019-11-11,322451,21638455,62.053835,62.053835,59.879686,59.970275,-1.540023,222
2019-11-12,181106,12107054,60.242044,61.419708,60.151454,60.694992,0.724717,127
2019-11-13,143003,9704004,60.694992,61.963245,60.694992,61.510298,0.815306,126
2019-11-14,98000,6626800,61.329119,61.510298,60.96676,61.419708,-0.09059,72
2019-11-15,192320,13153229,61.872656,62.325603,61.419708,61.600887,0.181179,167
2019-11-18,332298,23003482,62.506783,63.593857,61.963245,62.144424,0.543537,223
2019-11-19,132778,9108113,62.416193,62.506783,61.963245,61.963245,-0.181179,115
2019-11-20,131351,8891017,62.506783,62.506783,60.876171,61.05735,-0.905895,110
2019-11-21,182072,12206296,60.694992,62.053835,59.698507,61.510298,0.452948,140
2019-11-22,98504,6669119,62.053835,62.053835,60.96676,61.147939,-0.362359,82
2019-11-25,123141,8332389,61.600887,61.782066,60.96676,60.96676,-0.181179,98
2019-11-26,387020,26446372,61.419708,62.506783,61.419708,62.053835,1.087075,286
2019-11-27,185598,12664404,62.053835,62.506783,61.05735,61.05735,-0.996485,154
2019-11-28,273631,18459443,61.05735,62.325603,60.604402,60.604402,-0.452948,204
2019-11-29,274002,18269834,60.785581,61.419708,60.060865,60.060865,-0.543537,158
2019-12-02,256469,16789485,60.604402,60.604402,58.702022,58.883201,-1.177664,175
2019-12-03,64004,4181660,58.883201,59.517328,58.883201,58.97379,0.090589,52
2019-12-04,130259,8401176,58.067895,58.97379,58.067895,58.339664,-0.634126,110
2019-12-05,180049,11668064,59.06438,59.15497,58.158485,58.883201,0.543537,129
2019-12-06,131083,8521853,59.607917,59.607917,58.430253,58.430253,-0.452948,114
2019-12-09,164157,10482228,58.430253,58.430253,57.433768,58.249074,-0.181179,140
2019-12-10,76429,4926382,58.249074,58.792611,58.067895,58.067895,-0.181179,64
2019-12-11,111099,7134745,58.611432,58.883201,57.705537,57.705537,-0.362358,92
2019-12-12,198335,12554236,57.977306,58.158485,56.980821,56.980821,-0.724716,154
2019-12-13,123100,7709669,57.252589,57.252589,56.527873,56.618462,-0.362359,90
2019-12-16,79436,4982626,56.346694,57.614947,56.165515,57.524358,0.905896,78
2019-12-17,89053,5672259,57.796126,58.158485,57.252589,57.252589,-0.271769,76
2019-12-18,122301,7710900,57.343179,57.524358,56.799642,56.799642,-0.452947,96
2019-12-19,104179,6524277,57.07141,57.162,56.346694,56.346694,-0.452948,78
2019-12-20,68214,4279108,57.07141,57.343179,56.618462,56.709052,0.362358,63
2019-12-23,189849,11877829,56.980821,57.343179,56.256104,57.252589,0.543537,129
2019-12-24,993674,65153811,57.977306,60.513813,57.977306,59.336149,2.08356,772
2019-12-25,342458,22551888,59.789096,60.242044,59.336149,59.426738,0.090589,275
2019-12-26,199081,13112303,60.151454,60.332634,59.245559,59.426738,0.0,171
2019-12-27,173463,11454285,59.879686,60.242044,59.426738,59.426738,0.0,139
2019-12-30,199546,12971050,60.060865,60.060865,58.339664,58.430253,-0.996485,153
2019-12-31,108750,7013873,58.430253,58.883201,58.067895,58.067895,-0.362358,91
2020-01-02,143425,9351354,58.611432,59.517328,58.520843,58.883201,0.815306,114
2020-01-03,133275,8623979,59.607917,59.607917,58.067895,58.249074,-0.634127,114
2020-01-06,106150,6766138,58.339664,58.339664,57.433768,57.433768,-0.815306,96
2020-01-07,142249,8944386,57.433768,57.614947,56.618462,56.709052,-0.724716,120
2020-01-08,101204,6364706,56.709052,57.433768,56.618462,56.890231,0.181179,83
2020-01-09,184047,11558749,56.890231,57.343179,56.618462,56.618462,-0.271769,149
2020-01-10,50101,3141400,56.799642,57.162,56.527873,56.527873,-0.090589,45
2020-01-13,178002,11088524,56.890231,56.890231,56.256104,56.256104,-0.271769,133
2020-01-14,109007,6869748,56.980821,57.433768,56.709052,57.433768,1.177664,102
2020-01-15,82098,5195311,57.433768,57.524358,57.07141,57.07141,-0.362358,71
2020-01-16,66004,4157152,57.252589,57.343179,56.890231,57.343179,0.271769,53
2020-01-17,97020,6148566,57.524358,57.796126,57.07141,57.433768,0.090589,81
2020-01-20,110504,6973143,57.433768,57.433768,56.709052,56.890231,-0.543537,91
2020-01-30,419007,24073697,51.726627,53.538418,51.364269,51.545448,-5.344783,285
2020-01-31,290202,16456135,51.636038,52.723112,50.277195,52.179575,0.634127,161
2020-02-03,298411,16113793,50.730142,50.730142,48.012456,48.918352,-3.261223,222
2020-02-04,128001,7016755,49.008941,50.277195,49.008941,49.552478,0.634126,110
2020-02-05,362350,20736200,50.458374,53.266649,49.733657,51.907806,2.355328,286
2020-02-06,115006,6624472,51.454859,52.904291,51.454859,52.088985,0.181179,99
2020-02-07,100044,5686580,52.360754,52.360754,51.18309,51.18309,-0.905895,84
2020-02-10,477178,25790277,49.099531,49.733657,48.465404,49.19012,-1.99297,345
2020-02-11,77016,4226447,49.552478,50.005426,49.371299,49.733657,0.543537,77
2020-02-12,166012,9374520,50.186605,51.636038,50.186605,51.001911,1.268254,153
2020-02-13,148200,8414806,51.817217,51.907806,51.001911,51.18309,0.181179,140
2020-02-14,78050,4464376,51.18309,52.088985,51.18309,51.726627,0.543537,82
2020-02-17,94141,5319377,51.001911,52.088985,50.820732,51.001911,-0.724716,121
2020-02-18,51199,2896714,51.18309,51.545448,51.0925,51.0925,0.090589,66
2020-02-19,46851,2668720,50.911321,51.817217,50.911321,51.726627,0.634127,62
2020-02-20,30100,1724944,52.723112,52.723112,51.545448,51.636038,-0.090589,38
2020-02-21,92234,5283524,51.364269,52.723112,51.364269,51.907806,0.271768,94
2020-02-24,72030,4049810,51.545448,51.545448,50.458374,50.820732,-1.087074,91
2020-02-25,103499,5648482,48.284225,50.367784,48.284225,50.096016,-0.724716,120
2020-02-26,78018,4296880,49.733657,50.911321,49.461889,50.548963,0.452947,80
2020-02-27,147006,8141860,50.639553,50.639553,49.824247,49.824247,-0.724716,119
2020-03-02,104260,5590199,48.012456,49.643068,47.921867,49.099531,-0.724716,114
2020-03-03,94237,5191454,49.733657,50.277195,49.733657,49.733657,0.634126,83
2020-03-04,89073,4866954,49.461889,49.914836,49.008941,49.552478,-0.181179,97
2020-03-05,94147,5184210,50.005426,50.186605,49.643068,49.824247,0.271769,88
2020-03-06,68601,3733627,49.824247,49.824247,49.099531,49.19012,-0.634127,76
2020-03-09,274000,14140700,48.193635,48.193635,45.385359,45.385359,-3.804761,208
2020-03-10,426000,20142000,44.841822,44.841822,41.671188,43.256505,-2.128854,305
2020-03-11,176262,8417483,43.3018,43.935927,42.848852,43.120621,-0.135884,160
2020-03-12,938115,40436475,41.671188,41.671188,38.817618,38.862913,-4.257708,366
2020-03-13,547899,21277629,35.012857,37.50407,35.012857,36.190521,-2.672392,309
2020-03-16,281129,10894960,37.141711,37.277596,34.061667,34.242846,-1.947675,202
2020-03-17,179234,6393524,31.43457,33.654014,31.43457,32.612234,-1.630612,147
2020-03-18,138009,5006974,32.884003,33.472835,32.340466,32.47635,-0.135884,121
2020-03-19,355322,11678245,30.845738,31.615749,29.260421,29.260421,-3.215929,267
2020-03-20,165112,5757773,29.713369,32.159287,29.713369,31.932813,2.672392,134
2020-03-23,108030,3606820,29.894548,30.981623,29.169832,30.619264,-1.313549,100
2020-03-24,154053,5500130,31.253391,33.065182,31.072212,33.065182,2.445918,96
2020-03-25,181199,6976255,34.242846,35.239331,34.242846,34.650499,1.585317,138
2020-03-26,206101,8087656,35.5111,36.054637,35.103447,35.5111,0.860601,157
2020-03-27,267387,11144945,38.047607,38.500554,37.187006,37.458775,1.947675,234
2020-03-30,126309,5037597,36.235816,36.688764,35.646984,36.507585,-0.95119,121
2020-03-31,70254,2845945,37.096417,37.41348,36.235816,36.46229,-0.045295,75
2020-04-01,124240,4961640,36.46229,36.46229,35.646984,36.281111,-0.181179,91
2020-04-06,49076,1946847,36.235816,36.235816,35.556394,36.190521,-0.09059,46
2020-04-07,170058,6971099,36.869943,37.594659,36.507585,37.594659,1.404138,135
2020-04-08,129049,5491389,37.911722,40.176461,37.639954,39.632924,2.038265,118
2020-04-09,130031,5628302,39.632924,40.176461,38.636439,38.817618,-0.815306,117
2020-04-10,91008,3880594,38.36467,39.225271,38.319375,38.862913,0.045295,82
2020-04-13,73001,3187994,38.862913,39.859398,38.862913,39.179976,0.317063,60
2020-04-14,278149,12524429,39.40645,41.852367,39.40645,41.852367,2.672391,212
2020-04-15,255075,12177392,42.124136,44.841822,42.078841,44.25299,2.400623,206
2020-04-16,187050,9095179,43.347095,44.388875,42.531789,44.388875,0.135885,145
2020-04-17,506053,25866425,44.660643,47.015971,44.660643,45.747718,1.358843,316
2020-04-20,204210,10540770,45.385359,47.468919,44.479464,47.19715,1.449432,167
2020-04-21,168157,8641250,46.653613,47.28774,46.019486,46.019486,-1.177664,146
2020-04-22,109101,5490989,45.113591,46.381844,44.434169,45.928897,-0.090589,73
2020-04-23,81028,4176728,46.744203,47.378329,46.200665,46.472434,0.543537,72
2020-04-24,46000,2336900,46.200665,46.200665,45.566539,45.838307,-0.634127,42
2020-04-27,75004,3832004,45.928897,46.653613,45.838307,46.291255,0.452948,59
2020-04-28,178351,9034424,46.381844,46.381844,45.657128,45.747718,-0.543537,119
2020-04-29,141099,7117479,46.110076,46.200665,45.385359,45.385359,-0.362359,101
2020-04-30,87300,4437138,46.200665,46.381844,45.747718,45.928897,0.543538,72
2020-05-04,153003,7641997,45.29477,45.385359,44.705938,44.705938,-1.222959,84
2020-05-05,57180,2854426,45.385359,45.385359,45.068296,45.113591,0.407653,56
2020-05-06,73553,3679089,45.29477,45.475949,45.20418,45.475949,0.362358,66
2020-05-07,300014,15284410,44.932412,47.106561,44.705938,46.291255,0.815306,239
2020-05-08,358050,18400509,47.19715,47.740688,45.747718,45.747718,-0.543537,250
2020-05-11,107001,5441850,46.563024,46.653613,45.657128,45.838307,0.090589,100
2020-05-12,261003,13479453,46.200665,47.559508,46.110076,47.015971,1.177664,175
2020-05-13,676617,37062335,46.925382,51.18309,46.925382,49.824247,2.808276,530
2020-05-14,188049,10100087,49.824247,49.824247,48.103046,48.103046,-1.721201,168
2020-05-15,395101,21507683,49.008941,50.096016,47.106561,49.461889,1.358843,300
2020-05-18,782120,43916007,51.18309,52.541933,49.19012,50.730142,1.268253,570
2020-05-19,928503,53702867,52.632523,53.629008,51.364269,51.726627,0.996485,739
2020-05-20,169328,9544333,51.18309,51.817217,50.548963,50.548963,-1.177664,157
2020-05-21,148367,8355052,50.458374,51.817217,50.367784,51.001911,0.452948,128
2020-05-22,789100,46266669,52.088985,53.991366,51.18309,52.451344,1.449433,653
2020-05-25,309335,18279294,52.179575,54.444313,52.088985,53.810187,1.358843,247
2020-05-26,278662,16443787,54.353724,54.444313,52.904291,53.719597,-0.09059,233
2020-05-27,301051,18154028,54.081955,55.259619,53.991366,54.172545,0.452948,244
2020-05-28,175460,10442130,55.259619,55.259619,53.08547,53.991366,-0.181179,149
2020-05-29,124309,7267396,53.810187,53.810187,52.451344,52.451344,-1.540022,103
2020-06-01,166111,9647104,52.632523,53.447829,52.088985,53.447829,0.996485,122
2020-06-02,109513,6350254,53.17606,53.17606,51.817217,52.904291,-0.543538,94
2020-06-03,207351,12218626,53.357239,53.719597,52.451344,53.08547,0.181179,179
2020-06-04,63051,3672676,53.357239,53.357239,52.270165,52.632523,-0.452947,62
2020-06-05,46003,2688475,52.723112,53.266649,52.723112,53.266649,0.634126,43
2020-06-08,92003,5432474,54.172545,54.172545,52.994881,53.08547,-0.181179,75
2020-06-09,114150,6659983,53.900776,53.900776,52.179575,52.179575,-0.905895,74
2020-06-10,197200,11146219,51.817217,51.907806,50.730142,50.820732,-1.358843,142
2020-06-11,193102,10594157,50.820732,50.911321,48.918352,48.918352,-1.90238,141
2020-06-12,101250,5343249,47.559508,49.461889,47.106561,49.461889,0.543537,74
2020-06-15,81560,4378147,48.374814,49.28071,48.374814,48.646583,-0.815306,73
2020-06-16,208013,11368004,48.918352,50.186605,48.918352,49.19012,0.543537,104
2020-06-17,32050,1736614,49.371299,49.371299,48.827762,49.099531,-0.090589,31
2020-06-18,84252,4578957,49.099531,49.824247,48.918352,49.461889,0.362358,50
2020-06-19,27015,1466125,49.19012,49.371299,49.008941,49.28071,-0.181179,28
2020-06-22,60603,3311700,49.461889,50.005426,49.19012,49.733657,0.452947,56
2020-06-23,355600,20216917,51.636038,53.266649,50.548963,51.817217,2.08356,292
2020-06-24,166050,9344500,51.817217,51.817217,50.367784,50.820732,-0.996485,126
2020-06-29,75001,4158654,50.277195,51.001911,49.914836,50.005426,-0.815306,64
2020-06-30,69050,3854950,50.005426,50.911321,50.005426,50.096016,0.09059,61
2020-07-01,112000,6289900,50.277195,51.726627,50.186605,50.911321,0.815305,91
2020-07-02,78148,4438915,51.18309,51.817217,51.001911,51.18309,0.271769,70
2020-07-03,89199,5061782,51.907806,51.907806,51.18309,51.18309,0.0,77
2020-07-06,145501,8319055,51.817217,52.360754,51.364269,51.636038,0.452948,133
2020-07-07,196325,11307519,52.451344,52.632523,51.364269,51.907806,0.271768,159
2020-07-08,126270,7134434,51.0925,51.907806,50.911321,51.454859,-0.452947,113
2020-07-09,212304,11940579,51.636038,51.998396,50.277195,50.277195,-1.177664,165
2020-07-10,217150,11698980,50.911321,50.911321,48.284225,48.284225,-1.99297,161
2020-07-13,52051,2763903,48.646583,48.646583,47.921867,48.284225,0.0,48
2020-07-14,91147,4768680,48.012456,48.193635,47.106561,47.19715,-1.087075,80
2020-07-15,106001,5519452,47.650098,47.650098,46.472434,47.106561,-0.090589,82
2020-07-16,27177,1413655,47.19715,47.28774,46.925382,47.19715,0.090589,28
2020-07-17,98198,5065256,47.19715,47.28774,46.200665,46.653613,-0.543537,83
2020-07-20,44099,2247068,46.653613,46.653613,45.928897,46.291255,-0.362358,36
2020-07-21,46187,2391324,46.472434,47.378329,46.381844,46.653613,0.362358,46
2020-07-22,70409,3684471,47.015971,47.740688,47.015971,47.559508,0.905895,59
2020-07-23,44001,2326153,48.555993,48.555993,47.650098,47.831277,0.271769,33
2020-07-24,73000,3775900,47.740688,47.740688,46.291255,46.381844,-1.449433,68
2020-07-27,83011,4221556,46.653613,46.834792,45.838307,45.928897,-0.452947,68
2020-07-28,112098,5530237,45.747718,46.110076,43.664158,43.754748,-2.174149,104
2020-07-29,88198,4281261,44.34358,44.660643,43.482979,43.482979,-0.271769,79
2020-07-30,61052,2941205,44.422009,44.977284,44.422009,44.699646,1.216667,43
2020-07-31,11000,537700,45.347467,45.347467,45.023557,45.06983,0.370184,11
2020-08-03,31001,1516498,45.023557,45.625105,45.023557,45.162375,0.092545,22
2020-08-04,40001,1989149,45.301194,46.226653,45.301194,46.18038,1.018005,33
2020-08-05,21100,1059318,46.226653,46.735655,46.226653,46.735655,0.555275,21
2020-08-06,120549,6262501,47.013292,49.049301,47.013292,48.586572,1.850917,108
2020-08-07,96248,4931247,48.956755,48.956755,46.735655,46.735655,-1.850917,90
2020-08-10,34049,1717629,47.198384,47.476022,46.087834,47.105838,0.370183,33
2020-08-11,59101,2938958,46.458017,46.458017,45.71765,45.71765,-1.388188,50
2020-08-12,31050,1533450,45.810196,45.995288,45.39374,45.39374,-0.32391,31
2020-08-13,24298,1192466,45.440013,45.671378,45.162375,45.347467,-0.046273,24
2020-08-14,23343,1144336,45.39374,45.440013,45.254921,45.440013,0.092546,25
2020-08-17,130451,6297614,44.977284,44.977284,44.329463,44.977284,-0.462729,119
2020-08-18,57059,2781295,44.977284,45.532559,44.977284,45.06983,0.092546,51
2020-08-19,370189,19732611,46.087834,49.51203,46.087834,49.51203,4.4422,218
2020-08-20,558238,29568938,51.362947,51.455493,46.365471,47.198384,-2.313646,394
2020-08-21,182451,9284659,49.234393,49.326939,46.087834,46.920747,-0.277637,163
2020-08-24,83519,4259238,46.458017,48.123843,46.087834,48.123843,1.203096,83
2020-08-25,49459,2561629,48.864209,48.864209,47.383476,48.123843,0.0,45
2020-08-26,30101,1553999,47.753659,48.123843,47.568568,47.661113,-0.46273,36
2020-08-27,42002,2135302,47.383476,47.476022,46.735655,47.383476,-0.277637,39
2020-08-28,76195,3850750,48.031297,48.031297,46.272926,46.365471,-1.018005,64
2020-08-31,91200,4563700,46.920747,46.920747,46.18038,46.272926,-0.092545,61
2020-09-01,51100,2558849,46.272926,46.735655,46.087834,46.735655,0.462729,46
2020-09-02,55000,2791000,47.013292,47.198384,46.550563,47.013292,0.277637,44
2020-09-03,46300,2364619,47.013292,47.661113,47.013292,47.568568,0.555276,39
2020-09-04,257213,13403980,47.198384,49.419485,46.735655,48.40148,0.832912,198
2020-09-07,159472,8469916,49.141847,49.604576,48.586572,49.234393,0.832913,132
2020-09-08,82423,4384202,49.97476,50.067306,48.40148,49.51203,0.277637,78
2020-09-09,65002,3456006,49.51203,49.51203,48.679118,49.51203,0.0,54
2020-09-10,115051,6193354,50.067306,50.159851,49.049301,49.97476,0.46273,96
2020-09-11,111401,5930952,49.789668,49.789668,48.586572,49.419485,-0.555275,77
2020-09-14,93104,4968181,49.419485,49.97476,48.679118,49.51203,0.092545,79
2020-09-15,63100,3370109,49.882214,49.882214,48.679118,49.882214,0.370184,52
2020-09-16,86099,4617135,49.97476,50.159851,49.234393,49.789668,-0.092546,69
2020-09-17,46247,2484538,49.604576,50.159851,49.419485,49.789668,0.0,47
2020-09-18,88099,4753246,50.067306,50.159851,49.51203,49.604576,-0.185092,68
2020-09-21,50049,2689446,49.697122,49.97476,49.51203,49.697122,0.092546,37
2020-09-22,176150,9585775,49.882214,51.177856,49.604576,50.067306,0.370184,138
2020-09-23,60020,3209070,50.159851,50.159851,49.141847,49.141847,-0.925459,46
2020-09-24,67296,3442647,48.586572,48.586572,46.735655,46.828201,-2.313646,63
2020-09-25,76317,3806695,47.013292,47.29093,45.440013,45.810196,-1.018005,74
2020-09-28,8036,403121,46.735655,46.828201,45.902742,46.828201,1.018005,10
2020-09-29,21249,1067299,47.105838,47.105838,46.087834,46.735655,-0.092546,21
2020-09-30,12002,606900,46.365471,47.198384,46.365471,47.013292,0.277637,12
2020-10-05,9051,460165,46.458017,47.938751,46.458017,47.938751,0.925459,16
2020-10-06,27401,1418811,47.753659,48.308934,47.476022,48.308934,0.370183,27
2020-10-07,37099,1923127,47.846205,48.308934,47.661113,48.216388,-0.092546,36
2020-10-08,92049,4650350,47.938751,47.938751,46.365471,46.365471,-1.850917,82
2020-10-12,43450,2171129,46.365471,46.920747,45.995288,45.995288,-0.370183,31
2020-10-13,6133,305425,45.995288,46.272926,45.995288,46.272926,0.277638,10
2020-10-14,33051,1655738,46.272926,47.013292,46.087834,46.272926,0.0,33
2020-10-15,29000,1453200,46.272926,46.735655,45.995288,46.643109,0.370183,20
2020-10-16,14049,705764,46.643109,46.643109,46.365471,46.550563,-0.092546,15
2020-10-19,17200,860179,46.643109,46.643109,45.995288,46.18038,-0.370183,20
2020-10-20,25499,1269924,46.272926,46.272926,45.902742,46.134107,-0.046273,19
2020-10-21,12016,599253,46.272926,46.272926,45.995288,46.134107,0.0,16
2020-10-22,27131,1342564,46.087834,46.087834,45.625105,46.041561,-0.092546,30
2020-10-23,22798,1131269,46.272926,46.272926,45.671378,46.041561,0.0,27
2020-10-26,15151,751403,46.041561,46.041561,45.671378,45.995288,-0.046273,19
2020-10-27,20212,998765,45.902742,45.949015,45.625105,45.949015,-0.046273,22
2020-10-28,50101,2490804,45.949015,46.226653,45.949015,46.18038,0.231365,35
2020-10-29,22253,1101696,45.902742,46.041561,45.625105,45.995288,-0.185092,27
2020-10-30,24550,1222688,46.041561,46.458017,45.902742,45.995288,0.0,32
2020-11-02,38102,1876027,45.995288,45.995288,45.347467,45.71765,-0.277638,37
2020-11-03,13002,640746,45.71765,45.71765,45.532559,45.532559,-0.185091,12
2020-11-04,26009,1277682,45.810196,45.810196,45.347467,45.347467,-0.185092,31
2020-11-05,34005,1663193,45.347467,45.440013,45.162375,45.347467,0.0,30
2020-11-06,27003,1318394,45.39374,45.440013,45.023557,45.023557,-0.32391,26
2020-11-09,28298,1406836,45.023557,46.365471,45.023557,46.18038,1.156823,30
2020-11-10,28003,1382347,46.087834,46.18038,45.301194,46.18038,0.0,28
2020-11-11,31100,1545149,46.18038,46.18038,45.71765,46.041561,-0.138819,33
2020-11-12,57250,2907050,47.198384,47.383476,46.643109,47.013292,0.971731,60
2020-11-13,42160,2160691,47.29093,48.123843,46.828201,47.013292,0.0,40
2020-11-16,60104,3075417,47.198384,47.661113,47.105838,47.568568,0.555276,55
2020-11-17,22246,1133985,47.29093,47.568568,47.013292,47.013292,-0.555276,24
2020-11-18,15200,768199,46.735655,46.920747,46.643109,46.828201,-0.185091,18
2020-11-19,28004,1407608,46.828201,46.828201,46.272926,46.550563,-0.277638,31
2020-11-20,36003,1815949,47.013292,47.013292,46.458017,46.828201,0.277638,36
2020-11-23,97004,4965996,47.476022,47.661113,46.735655,47.383476,0.555275,85
2020-11-24,38345,1963818,48.123843,48.216388,47.105838,47.105838,-0.277638,43
2020-11-25,59609,3010213,47.105838,47.661113,46.272926,46.272926,-0.832912,52
2020-11-26,44338,2225849,46.920747,47.198384,46.272926,46.735655,0.462729,39
2020-11-27,111226,5697164,46.735655,48.123843,46.735655,48.031297,1.295642,85
2020-11-30,141150,7412753,48.771664,49.049301,47.938751,48.123843,0.092546,102
2020-12-01,25001,1287351,47.753659,48.123843,47.476022,47.568568,-0.555275,24
2020-12-02,130223,6845058,47.661113,49.882214,47.661113,48.494026,0.925458,126
2020-12-03,68203,3591902,48.586572,49.326939,48.40148,48.586572,0.092546,61
2020-12-04,85056,4511554,49.326939,49.51203,48.40148,49.049301,0.462729,67
2020-12-07,373154,20538331,49.882214,52.19586,49.234393,51.362947,2.313646,288
2020-12-08,85599,4737514,51.548039,51.640585,50.622581,50.900218,-0.462729,80
2020-12-09,182902,9752571,50.715126,50.715126,48.864209,49.326939,-1.573279,169
2020-12-10,65434,3514115,49.789668,50.159851,49.326939,49.326939,0.0,66
2020-12-11,53047,2770322,49.049301,49.789668,47.938751,48.308934,-1.018005,61
2020-12-14,61800,3225516,48.308934,48.864209,47.661113,48.586572,0.277638,72
2020-12-15,55052,2839031,48.956755,49.049301,47.105838,47.105838,-1.480734,54
2020-12-16,55523,2836173,47.29093,48.679118,47.105838,47.476022,0.370184,49
2020-12-17,22053,1127388,47.198384,47.568568,47.105838,47.198384,-0.277638,25
2020-12-18,58033,2988491,47.29093,48.123843,47.198384,47.568568,0.370184,42
2020-12-21,31653,1633314,47.383476,48.031297,47.29093,47.568568,0.0,32
2020-12-22,33456,1716382,47.661113,47.753659,47.383476,47.753659,0.185091,39
2020-12-23,35085,1815666,47.846205,48.123843,47.661113,47.846205,0.092546,36
2020-12-24,89066,4696632,48.308934,49.141847,47.938751,48.40148,0.555275,64
2020-12-25,87566,4608221,48.679118,49.326939,48.40148,49.326939,0.925459,67
2020-12-28,76778,4134707,49.882214,50.067306,49.326939,49.97476,0.647821,81
2020-12-29,74093,3909143,50.437489,50.437489,48.123843,48.308934,-1.665826,59
2020-12-30,77221,3985993,48.308934,48.308934,47.198384,48.308934,0.0,72
2020-12-31,89005,4606658,48.308934,48.494026,47.29093,48.494026,0.185092,57
2021-01-04,64105,3366011,48.494026,49.141847,48.308934,48.494026,0.0,47
2021-01-05,81348,4193662,48.494026,48.494026,47.476022,47.476022,-1.018004,76
2021-01-06,93007,4752053,47.476022,48.216388,47.013292,47.198384,-0.277638,80
2021-01-07,69367,3526859,47.105838,47.476022,46.735655,47.013292,-0.185092,60
2021-01-08,65200,3329859,47.198384,47.661113,47.105838,47.29093,0.277638,47
2021-01-11,942497,52139992,51.270402,52.010768,49.141847,52.010768,4.719838,668
2021-01-12,1724942,99566222,52.288406,55.064781,50.900218,50.992764,-1.018004,1271
2021-01-13,475933,26670835,50.992764,52.751135,50.992764,51.270402,0.277638,361
2021-01-14,220397,12052238,51.548039,51.548039,49.97476,50.344943,-0.925459,171
2021-01-15,205103,11031567,51.548039,51.548039,49.141847,49.141847,-1.203096,156
2021-01-18,184179,9653980,49.049301,50.067306,47.29093,49.882214,0.740367,176
2021-01-19,373267,20523525,49.604576,51.733131,49.604576,50.530035,0.647821,321
2021-01-20,127229,6838914,51.177856,51.270402,48.40148,48.40148,-2.128555,121
2021-01-21,91512,4830226,49.141847,49.97476,48.40148,48.494026,0.092546,86
2021-01-22,123020,6538447,48.494026,49.882214,48.40148,49.419485,0.925459,114
2021-01-25,112825,6089855,49.604576,50.530035,49.419485,50.530035,1.11055,114
2021-01-26,260227,14321557,51.177856,51.918223,49.604576,49.604576,-0.925459,206
2021-01-27,76712,4187587,51.08531,51.08531,49.789668,50.437489,0.832913,81
2021-01-28,70003,3758957,48.771664,50.252397,48.771664,49.789668,-0.647821,63
2021-01-29,80594,4311350,50.900218,50.900218,48.679118,48.679118,-1.11055,75
2021-02-01,70011,3689066,48.771664,49.326939,48.216388,48.956755,0.277637,62
2021-02-02,135694,7085342,49.604576,49.604576,47.661113,48.123843,-0.832912,105
2021-02-03,37127,1961230,49.049301,49.234393,48.586572,48.771664,0.647821,44
2021-02-04,39124,2041499,48.956755,48.956755,48.031297,48.123843,-0.647821,37
2021-02-05,102057,5299130,48.216388,49.049301,47.753659,47.753659,-0.370184,93
2021-02-17,305597,16094697,48.864209,49.51203,47.476022,49.049301,1.295642,214
2021-02-18,143047,7423628,48.123843,48.679118,47.753659,47.846205,-1.203096,121
2021-02-19,154199,7995724,47.661113,48.494026,47.476022,48.40148,0.555275,108
2021-02-22,155375,8214486,48.586572,49.51203,48.40148,49.51203,1.11055,130
2021-02-23,87608,4654642,49.51203,49.51203,48.586572,49.049301,-0.462729,90
2021-02-24,192661,10307749,49.049301,50.437489,48.586572,50.159851,1.11055,174
2021-02-25,109302,5891923,50.437489,50.437489,49.326939,49.51203,-0.647821,97
2021-02-26,81151,4296675,49.51203,49.51203,48.40148,48.864209,-0.647821,76
2021-03-02,100021,5270929,49.049301,49.419485,48.123843,48.123843,-0.740366,89
2021-03-03,227038,11622181,48.123843,48.123843,47.013292,47.198384,-0.925459,181
2021-03-04,228141,11460663,47.198384,47.29093,46.134107,46.272926,-0.925458,167
2021-03-05,111115,5474263,46.272926,46.272926,45.347467,45.625105,-0.647821,113
2021-03-08,65034,3201536,46.18038,46.18038,45.347467,45.440013,-0.185092,87
2021-03-09,153160,7426423,45.578832,45.625105,44.6071,45.440013,0.0,135
2021-03-10,67117,3330050,45.440013,46.365471,45.440013,46.134107,0.694094,81
2021-03-11,54171,2699071,46.134107,46.272926,45.902742,46.272926,0.138819,62
2021-03-12,61356,3047470,47.198384,47.198384,45.625105,45.71765,-0.555276,65
2021-03-15,76345,3771605,45.902742,46.226653,45.440013,45.625105,-0.092545,72
2021-03-16,89304,4452016,46.087834,46.550563,45.902742,46.272926,0.647821,71
2021-03-17,63411,3171036,46.272926,46.643109,45.902742,46.18038,-0.092546,67
2021-03-18,60147,3024084,46.272926,46.735655,45.902742,46.735655,0.555275,63
2021-03-19,92280,4650610,46.272926,46.920747,46.226653,46.828201,0.092546,75
2021-03-22,143005,7394965,47.198384,48.308934,47.198384,47.938751,1.11055,126
2021-03-23,109436,5660439,48.216388,48.40148,47.476022,47.753659,-0.185092,102
2021-03-24,137160,7168822,47.383476,48.956755,47.383476,48.216388,0.462729,116
2021-03-25,638140,34519421,49.419485,51.177856,49.419485,50.159851,1.943463,485
2021-03-26,276606,14771715,50.437489,50.437489,48.864209,49.141847,-1.018004,212
2021-03-29,110329,5893090,49.234393,49.882214,48.864209,49.604576,0.462729,153
2021-03-30,1236552,70988927,50.437489,54.509506,49.882214,54.139323,4.534747,763
2021-03-31,876041,50212526,52.288406,54.602052,52.288406,53.121319,-1.018004,631
2021-04-01,462161,26639744,53.213864,54.602052,52.473498,53.028773,-0.092546,331
2021-04-06,430009,25198767,53.491502,55.342419,53.398956,53.676594,0.647821,362
2021-04-07,950197,58207043,54.139323,58.859161,54.139323,55.157327,1.480733,788
2021-04-08,826902,52057563,55.527511,60.154803,55.249873,59.321891,4.164564,605
2021-04-09,519059,31661409,57.470974,58.67407,55.434965,55.527511,-3.79438,423
2021-04-12,378687,22394515,55.712602,56.175332,53.76914,53.76914,-1.758371,293
2021-04-13,252705,14769388,54.139323,54.972236,53.213864,53.398956,-0.370184,160
2021-04-14,350057,19669038,53.676594,54.046777,49.697122,52.103314,-1.295642,222
2021-04-15,108104,6228584,52.288406,53.954231,51.548039,53.676594,1.57328,101
2021-04-16,162003,9618378,54.602052,55.620057,53.861685,54.231869,0.555275,117
2021-04-19,113105,6681556,55.064781,55.342419,54.139323,54.787144,0.555275,86
2021-04-20,129098,7764273,54.602052,56.823153,54.602052,56.175332,1.388188,124
2021-04-21,148495,8792565,55.99024,56.082786,54.231869,54.231869,-1.943463,123
2021-04-22,134150,7762364,54.416961,54.87969,52.288406,52.380952,-1.850917,114
2021-04-23,100014,5763804,52.473498,54.046777,52.288406,54.046777,1.665825,74
2021-04-26,113595,6631757,54.046777,54.694598,53.121319,53.861685,-0.185092,110
2021-04-27,64014,3718213,53.861685,54.231869,53.491502,53.491502,-0.370183,49
2021-04-28,93162,5364049,53.30641,53.76914,52.843681,53.028773,-0.462729,85
2021-04-29,80168,4605649,53.028773,53.954231,52.936227,52.936227,-0.092546,62
2021-05-03,214155,11822142,52.936227,52.936227,49.049301,49.234393,-3.701834,147
2021-05-04,250671,12803001,49.51203,49.604576,45.625105,46.920747,-2.313646,203
2021-05-05,69104,3524303,46.550563,47.753659,46.365471,47.568568,0.647821,56
2021-05-06,148409,7594394,47.846205,48.216388,46.272926,47.753659,0.185091,101
2021-05-07,40067,2129817,47.661113,49.697122,47.29093,49.326939,1.57328,50
2021-05-10,47027,2481562,49.419485,49.419485,48.40148,48.494026,-0.832913,57
2021-05-11,141009,7113099,47.29093,47.661113,46.18038,46.272926,-2.2211,115
2021-05-12,165337,7898495,45.440013,46.272926,42.571092,43.542823,-2.730103,142
2021-05-13,99101,4610907,42.663637,44.236917,41.830725,44.144371,0.601548,84
2021-05-14,74006,3497977,44.190644,45.39374,42.941275,43.17264,-0.971731,62
2021-05-17,125063,5632415,41.136631,42.756183,41.136631,41.414268,-1.758372,98
2021-05-18,108012,5244664,42.339727,45.532559,42.154635,45.532559,4.118291,79
2021-05-19,81013,4053007,46.087834,46.735655,45.532559,46.735655,1.203096,57
2021-05-20,42059,2155250,47.198384,48.123843,46.550563,46.550563,-0.185092,38
2021-05-21,120176,6227254,46.643109,48.679118,46.643109,48.40148,1.850917,110
2021-05-24,85494,4564407,48.494026,50.252397,48.494026,50.252397,1.850917,86
2021-05-25,103011,5659693,50.252397,51.455493,50.252397,50.530035,0.277638,101
2021-05-26,45151,2477865,50.900218,51.640585,49.604576,50.344943,-0.185092,60
2021-05-27,62042,3301221,49.326939,49.882214,48.586572,49.049301,-1.295642,66
2021-05-28,167082,9203279,49.419485,52.103314,49.419485,51.08531,2.036009,175
2021-05-31,74028,4086141,51.177856,51.733131,50.622581,51.362947,0.277637,71
2021-06-01,137213,7790104,51.640585,53.213864,51.455493,51.918223,0.555276,127
2021-06-02,56199,3139460,52.288406,52.288406,51.177856,51.177856,-0.740367,54
2021-06-03,78254,4425271,51.270402,53.30641,51.270402,52.751135,1.573279,77
2021-06-04,80003,4491462,52.936227,53.213864,51.270402,51.270402,-1.480733,63
2021-06-07,42132,2358664,52.658589,52.658589,51.08531,51.733131,0.462729,52
2021-06-08,8056,451812,51.733131,52.19586,51.733131,51.825677,0.092546,18
2021-06-09,39912,2268421,52.010768,53.213864,51.733131,52.288406,0.462729,48
2021-06-10,62003,3492768,52.010768,52.936227,51.548039,51.640585,-0.647821,56
2021-06-11,91007,5023083,51.640585,51.825677,50.437489,50.437489,-1.203096,67
2021-06-15,146056,8033576,50.622581,51.548039,50.437489,51.270402,0.832913,106
2021-06-16,62141,3391428,51.733131,52.103314,49.789668,49.789668,-1.480734,64
2021-06-17,59003,3182963,50.437489,50.437489,49.419485,50.437489,0.647821,46
2021-06-18,73018,3907795,50.437489,50.437489,48.864209,49.51203,-0.925459,86
2021-06-21,44809,2334410,49.234393,49.234393,48.031297,48.494026,-1.018004,52
2021-06-22,68166,3535279,48.216388,48.40148,47.661113,48.216388,-0.277638,68
2021-06-23,59013,3133965,48.123843,49.51203,48.123843,48.956755,0.740367,56
2021-06-24,32009,1706872,48.956755,49.97476,48.956755,49.604576,0.647821,34
2021-06-25,43001,2289453,49.604576,49.604576,48.864209,49.326939,-0.277637,34
2021-06-28,75008,3949518,49.419485,49.419485,48.123843,49.326939,0.0,65
2021-06-29,30051,1600227,49.789668,49.789668,49.049301,49.326939,0.0,33
2021-06-30,50251,2668203,48.956755,49.419485,48.864209,49.326939,0.0,46
2021-07-01,113797,5990395,49.97476,49.97476,47.753659,47.753659,-1.57328,84
2021-07-02,142190,7384317,47.753659,49.049301,47.753659,47.938751,0.185092,104
2021-07-05,132106,6946303,48.216388,49.326939,48.216388,49.326939,1.388188,114
2021-07-06,261450,14336590,50.067306,51.733131,49.604576,50.900218,1.573279,225
2021-07-07,130008,7139433,50.344943,51.825677,49.97476,51.362947,0.462729,121
2021-07-08,341128,18278554,50.992764,51.362947,48.956755,49.234393,-2.128554,221
2021-07-09,455578,25387754,50.067306,52.473498,49.604576,51.455493,2.2211,366
2021-07-12,338196,19385707,53.213864,53.676594,52.288406,52.843681,1.388188,263
2021-07-13,289131,16886207,53.76914,54.972236,52.751135,52.843681,0.0,248
2021-07-14,156380,8798565,53.213864,53.584048,51.08531,51.455493,-1.388188,124
2021-07-15,94133,5248634,51.733131,52.19586,51.270402,51.548039,0.092546,78
2021-07-16,125901,7073797,51.640585,52.751135,50.992764,52.751135,1.203096,101
2021-07-19,388090,22869088,52.658589,55.434965,52.658589,54.416961,1.665826,313
2021-07-20,461463,27639712,54.416961,56.638061,54.046777,54.602052,0.185091,369
2021-07-21,642393,39507417,55.527511,59.044253,54.87969,58.766616,4.164564,531
2021-07-22,693520,44051972,59.692074,61.080262,57.008244,57.378428,-1.388188,499
2021-07-23,396280,24392137,57.748611,58.67407,55.99024,57.008244,-0.370184,303
2021-07-26,385244,23683104,56.915698,57.748611,55.712602,57.285882,0.277638,219
2021-07-27,377789,22679746,57.285882,57.563519,54.416961,54.416961,-2.868921,250
2021-07-28,306119,17532235,54.602052,54.602052,52.010768,52.473498,-1.943463,224
2021-07-29,119008,6756250,53.132997,54.075071,53.038789,54.075071,1.601573,91
2021-07-30,118067,6797643,54.075071,54.734523,53.509827,53.509827,-0.565244,103
2021-08-02,213099,12529210,54.546108,56.33605,53.886656,56.241842,2.732015,163
2021-08-03,116303,6989326,56.807087,57.183917,55.865013,57.183917,0.942075,98
2021-08-04,359437,22283820,57.183917,59.350688,57.183917,58.125991,0.942074,265
2021-08-05,169160,10498999,58.879651,58.973858,57.843369,58.691236,0.565245,133
2021-08-06,158325,9883310,58.314406,59.444895,58.314406,58.408614,-0.282622,134
2021-08-09,107161,6625562,58.125991,58.879651,57.654954,57.654954,-0.75366,84
2021-08-10,687211,38315670,55.299768,55.299768,51.9083,51.9083,-5.746654,472
2021-08-11,158407,8710301,51.9083,53.227204,50.966226,51.343055,-0.565245,119
2021-08-12,57555,3172583,52.096715,52.379337,51.154641,52.379337,1.036282,54
2021-08-13,131155,7049506,52.002508,52.002508,49.929944,49.929944,-2.449393,116
2021-08-16,141307,7386074,49.929944,50.118359,48.516832,49.929944,0.0,118
2021-08-17,130149,6725067,49.929944,49.929944,47.85738,48.328417,-1.601527,106
2021-08-18,92156,4724895,47.85738,49.647322,47.103721,49.553114,1.224697,78
2021-08-19,194062,9770922,48.799455,48.799455,46.915306,47.009513,-2.543601,135
2021-08-20,53370,2680219,47.292135,47.763173,47.103721,47.668965,0.659452,51
2021-08-23,64299,3329434,48.328417,49.458907,48.328417,48.987869,1.318904,60
2021-08-24,47005,2464557,48.987869,49.929944,48.705247,48.987869,0.0,45
2021-08-25,95249,5063460,49.458907,50.589396,49.458907,50.400981,1.413112,82
2021-08-26,90088,4867012,51.343055,51.814093,50.212566,51.625678,1.224697,87
2021-08-27,603980,35124900,52.379337,56.430257,52.28513,55.205561,3.579883,465
2021-08-30,134231,7762634,55.205561,55.205561,53.980864,54.169279,-1.036282,119
2021-08-31,279681,16536017,53.980864,57.183917,53.698241,55.865013,1.695734,235
2021-09-01,184080,10975118,55.865013,57.089709,55.205561,56.524465,0.659452,161
2021-09-02,205119,12371125,56.430257,57.749161,56.053428,56.053428,-0.471037,158
2021-09-03,236296,14362280,56.241842,57.937576,56.241842,57.278124,1.224696,169
2021-09-06,191366,11440762,57.466539,57.654954,54.828731,55.017146,-2.260978,147
2021-09-07,79765,4628778,54.263486,55.393975,54.075071,54.075071,-0.942075,71
2021-09-08,78000,4481500,53.886656,55.017146,53.509827,54.075071,0.0,66
2021-09-09,116004,6618552,53.321412,54.546108,52.756167,53.698241,-0.37683,103
2021-09-10,108430,6154108,53.698241,54.263486,53.038789,53.509827,-0.188414,96
2021-09-13,61302,3550589,53.698241,55.111353,53.698241,54.169279,0.659452,61
2021-09-14,44005,2547983,55.205561,55.205561,54.169279,54.734523,0.565244,35
2021-09-15,129002,7399912,55.017146,55.393975,53.321412,53.792449,-0.942074,102
2021-09-16,37003,2128866,54.451901,54.451901,53.980864,54.169279,0.37683,32
2021-09-17,32603,1886692,54.451901,55.017146,53.509827,54.828731,0.659452,31
2021-09-22,54537,3153346,53.698241,55.111353,53.509827,54.922938,0.094207,46
2021-09-23,260030,15581664,55.770805,57.089709,55.017146,56.71288,1.789942,176
2021-09-24,224469,13633348,57.560747,57.654954,56.524465,56.995502,0.282622,211
2021-09-27,149184,9134885,57.372332,58.408614,57.089709,57.466539,0.471037,144
2021-09-28,117152,7083846,57.278124,57.560747,56.524465,57.183917,-0.282622,82
2021-09-29,177116,10441564,56.241842,56.524465,54.546108,54.546108,-2.637809,145
2021-09-30,74204,4348732,55.58239,55.865013,54.357694,55.676598,1.13049,65
2021-10-01,195205,11217233,54.734523,55.393975,53.321412,53.698241,-1.978357,191
2021-10-04,78058,4396277,53.792449,53.886656,52.28513,53.509827,-0.188414,62
2021-10-05,41002,2319814,52.28513,53.698241,52.28513,53.698241,0.188414,32
2021-10-06,89002,5098709,53.792449,54.263486,53.698241,54.075071,0.37683,67
2021-10-07,1017475,63708793,54.828731,59.444895,54.828731,59.444895,5.369824,622
2021-10-08,1301126,84337028,59.444895,63.872645,58.597028,61.800081,2.355186,937
2021-10-12,921680,60903856,61.800081,63.966853,60.292762,63.872645,2.072564,643
2021-10-13,619260,40936459,62.742156,64.06106,60.292762,61.611667,-2.260978,449
2021-10-14,350090,23051029,62.365326,63.3074,61.140629,61.800081,0.188414,247
2021-10-15,766559,50875530,63.872645,64.343682,60.292762,63.401608,1.601527,483
2021-10-18,900456,61694714,63.213193,66.416246,61.800081,66.227831,2.826223,582
2021-10-19,756825,52754717,66.227831,67.546735,64.249475,65.285757,-0.942074,580
2021-10-20,363252,25195057,65.379964,66.416246,64.43789,64.908927,-0.37683,264
2021-10-21,755520,52859216,65.662587,68.11198,63.590023,63.872645,-1.036282,541
2021-10-22,2707023,199510769,65.945209,70.184544,65.474172,70.184544,6.311899,1173
2021-10-25,4253445,318561087,72.633937,73.952841,66.604661,70.372959,0.188415,2649
2021-10-26,1935477,146751546,70.749788,74.235464,69.430884,70.278751,-0.094208,1255
2021-10-27,1303290,98255855,70.655581,72.351315,69.525092,72.351315,2.072564,840
2021-10-28,678605,51411120,71.691863,72.445522,70.655581,71.503448,-0.847867,461
2021-10-29,840350,62889101,71.503448,72.257107,69.619299,71.315033,-0.188415,595
2021-11-01,1015392,75923591,71.78607,72.351315,68.959847,71.315033,0.0,719
2021-11-02,1717034,126272853,71.597655,73.858634,65.756794,66.698868,-4.616165,1226
2021-11-03,408358,29103058,66.887283,68.300395,66.133624,66.981491,0.282623,295
2021-11-04,749668,55216879,67.35832,70.561373,67.35832,69.713506,2.732015,496
2021-11-05,385372,28226663,70.372959,70.372959,68.017773,69.619299,-0.094207,412
2021-11-08,208795,15310150,69.619299,70.655581,68.11198,69.242469,-0.37683,273
2021-11-09,916336,68493377,70.184544,72.257107,68.771432,69.054054,-0.188415,762
2021-11-10,375937,27697965,69.807714,70.561373,68.48881,70.090336,1.036282,296
2021-11-11,5385099,429173557,72.916559,77.061687,70.467166,73.293389,3.203053,2708
2021-11-12,2523524,204307451,75.365953,78.663213,74.047049,75.177538,1.884149,1710
2021-11-15,1232693,99078750,76.21382,77.155894,74.423879,75.83699,0.659452,822
2021-11-16,4559505,392790831,78.003761,83.373585,77.815346,80.170532,4.333542,2749
2021-11-17,2151047,187039149,81.677852,84.31566,79.040043,81.960474,1.789942,1559
2021-11-18,1165490,98996484,81.960474,81.960474,78.474799,78.474799,-3.485675,866
2021-11-19,1009468,84070189,78.569006,80.547362,76.873272,77.532724,-0.942075,767
2021-11-22,593780,48535601,77.532724,78.003761,76.119612,77.250102,-0.282622,404
2021-11-23,1083493,86589299,77.155894,78.003761,73.293389,73.576012,-3.67409,752
2021-11-24,689147,54914211,73.952841,76.119612,73.387597,75.554368,1.978356,502
2021-11-25,808720,65430517,75.46016,77.721139,74.423879,75.083331,-0.471037,512
2021-11-26,1579660,125764445,75.742783,77.721139,70.655581,72.822352,-2.260979,1059
2021-11-29,908334,68407557,70.561373,73.010767,67.923565,71.880278,-0.942074,611
2021-11-30,355246,27661525,74.235464,74.329671,72.633937,73.010767,1.130489,290
2021-12-01,421274,32261217,71.220826,73.387597,71.220826,73.104974,0.094207,267
2021-12-02,758305,57209760,73.104974,73.481804,69.525092,70.372959,-2.732015,557
2021-12-03,497301,37069121,70.655581,71.032411,69.619299,70.372959,0.0,323
2021-12-06,192889,14309884,70.184544,70.561373,69.242469,70.278751,-0.094208,142
2021-12-07,316514,23454501,70.278751,71.220826,68.959847,69.713506,-0.565245,235
2021-12-08,292196,21701942,70.655581,71.126618,69.148262,69.619299,-0.094207,237
2021-12-09,403941,30013042,71.40924,71.597655,68.583017,69.619299,0.0,303
2021-12-10,292046,21269247,69.430884,69.619299,68.11198,68.48881,-1.130489,222
2021-12-13,241197,17502327,69.148262,69.242469,67.829358,67.829358,-0.659452,178
2021-12-14,638350,44828484,67.829358,67.829358,65.003134,65.379964,-2.449394,420
2021-12-15,475130,33464866,65.379964,67.35832,65.379964,66.981491,1.601527,279
2021-12-16,256625,18479434,67.829358,68.677225,67.264113,67.640943,0.659452,203
2021-12-17,521968,36016192,67.640943,67.640943,63.872645,64.908927,-2.732016,466
2021-12-20,113626,7794966,64.908927,65.379964,64.249475,64.81472,-0.094207,108
2021-12-21,124569,8658497,65.379964,66.039416,64.81472,65.945209,1.130489,83
2021-12-22,179506,12458138,66.510453,66.698868,64.720512,64.720512,-1.224697,173
2021-12-23,289116,19838487,65.568379,66.227831,63.778438,64.06106,-0.659452,284
2021-12-24,294682,20162465,64.81472,65.568379,64.06106,64.06106,0.0,254
2021-12-27,214743,14772769,64.626305,65.851001,64.155267,64.626305,0.565245,335
2021-12-28,299634,20966738,65.474172,66.604661,65.285757,65.851001,1.224696,264
2021-12-29,172600,12130107,65.756794,66.887283,65.285757,66.510453,0.659452,156
2021-12-30,292175,20787921,66.510453,67.546735,66.227831,67.264113,0.75366,218
2022-01-03,245447,17300001,67.35832,67.35832,65.945209,65.945209,-1.318904,223
2022-01-04,162154,11355634,66.981491,66.981491,65.191549,65.474172,-0.471037,332
2022-01-05,156790,10795520,66.698868,66.698868,64.249475,64.249475,-1.224697,166
2022-01-06,276990,18568814,63.3074,63.872645,61.894289,63.024778,-1.224697,231
2022-01-07,239913,15851162,62.836363,63.401608,61.423252,63.118986,0.094208,231
2022-01-10,389498,27376853,67.73515,67.73515,65.097342,66.793076,3.67409,324
2022-01-11,198460,13942332,66.322039,66.793076,65.756794,66.604661,-0.188415,219
2022-01-12,191367,13359138,66.604661,66.604661,65.379964,66.039416,-0.565245,181
2022-01-13,86004,5984077,66.133624,66.322039,65.097342,65.474172,-0.565244,79
2022-01-14,155882,10594028,65.285757,65.285757,63.213193,64.249475,-1.224697,261
2022-01-17,138660,9447019,64.06106,64.720512,63.966853,64.343682,0.094207,88
2022-01-18,98202,6689245,64.343682,64.81472,63.590023,64.249475,-0.094207,89
2022-01-19,122169,8174051,63.118986,63.590023,62.647948,62.742156,-1.507319,106
2022-01-20,220574,14539683,62.742156,62.742156,61.705874,62.176911,-0.565245,163
2022-01-21,279849,18067553,61.234837,61.423252,60.198555,60.292762,-1.884149,203
2022-01-24,103589,6543841,58.879651,60.292762,58.597028,60.104347,-0.188415,111
2022-01-25,264835,16616036,58.973858,60.104347,58.220199,59.915933,-0.188414,210
2022-01-26,143061,9157745,59.63331,61.234837,59.350688,60.38697,0.471037,114
2022-02-07,90323,5807926,60.38697,61.517459,59.63331,61.046422,0.659452,137
2022-02-08,87283,5720756,60.7638,62.271119,60.7638,62.176911,1.130489,95
2022-02-09,148330,9760933,62.176911,62.742156,61.140629,62.459534,0.282623,122
2022-02-10,106157,6979611,62.459534,62.647948,61.423252,61.517459,-0.942075,115
2022-02-11,55164,3601237,60.7638,62.459534,60.669592,62.459534,0.942075,59
2022-02-14,142312,9101290,61.705874,61.705874,59.821725,60.104347,-2.355187,155
2022-02-15,44127,2836919,59.63331,60.858007,59.63331,60.198555,0.094208,48
2022-02-16,41307,2666067,60.575385,61.140629,60.481177,60.669592,0.471037,51
2022-02-17,249118,16425242,60.575385,64.06106,60.575385,61.611667,0.942075,169
2022-02-18,83028,5432834,60.481177,62.459534,60.481177,62.082704,0.471037,63
2022-02-21,95074,6284075,61.140629,63.401608,61.140629,62.836363,0.753659,107
2022-02-22,136021,8999000,62.176911,63.401608,61.517459,62.647948,-0.188415,104
2022-02-23,169322,11410719,61.988496,65.474172,61.988496,63.966853,1.318905,129
2022-02-24,288437,19351606,63.024778,64.155267,62.553741,63.872645,-0.094208,183
2022-02-25,109271,7373586,63.401608,64.249475,62.742156,63.68423,-0.188415,117
2022-03-01,172173,11864732,64.06106,65.568379,63.966853,65.003134,1.318904,153
2022-03-02,171885,12013368,64.81472,66.604661,64.81472,66.604661,1.601527,128
2022-03-03,293078,20588937,67.169906,67.35832,65.191549,65.851001,-0.75366,267
2022-03-04,388487,26304750,65.285757,65.285757,62.930571,63.3074,-2.543601,404
2022-03-07,205445,13393270,63.3074,63.3074,60.7638,61.329044,-1.978356,151
2022-03-08,137237,8794458,61.234837,61.517459,59.821725,59.821725,-1.507319,126
2022-03-09,487344,32883585,61.234837,65.474172,60.858007,64.06106,4.239335,357
2022-03-10,178266,12261213,64.532097,65.756794,64.343682,64.43789,0.37683,195
2022-03-11,115725,8026183,64.81472,65.945209,64.81472,65.003134,0.565244,135
2022-03-14,275180,19536797,66.322039,68.300395,65.285757,68.017773,3.014639,260
2022-03-15,291731,20642469,68.017773,68.48881,65.945209,66.227831,-1.789942,244
2022-03-16,167017,11674555,67.452528,67.452528,64.06106,66.227831,0.0,230
2022-03-17,708124,51763394,67.829358,71.40924,66.981491,70.843996,4.616165,445
2022-03-18,385702,28709078,70.843996,71.597655,69.054054,71.032411,0.188415,253
2022-03-21,833310,63915797,71.220826,73.764426,70.372959,73.104974,2.072563,627
2022-03-22,1124765,85280828,72.822352,73.104974,69.242469,70.843996,-2.260978,700
2022-03-23,1101642,85143354,70.843996,74.423879,70.749788,73.576012,2.732016,689
2022-03-24,2235847,181805356,71.880278,80.829985,70.655581,80.358947,6.782935,1464
2022-03-25,1395156,113565013,79.699495,79.699495,74.047049,74.989123,-5.369824,952
2022-03-28,1031062,81272510,73.293389,76.308027,72.53973,76.308027,1.318904,624
2022-03-29,710206,56248265,77.721139,77.721139,73.293389,74.800708,-1.507319,491
2022-03-30,470255,37604394,74.894916,76.119612,74.612293,75.365953,0.565245,303
2022-03-31,244454,19269435,74.423879,74.989123,73.670219,74.989123,-0.37683,197
2022-04-01,211208,16530101,74.423879,74.423879,73.199182,73.199182,-1.789941,262
2022-04-06,141062,10761893,73.104974,73.104974,71.40924,71.691863,-1.507319,161
2022-04-07,316325,23825167,70.843996,71.78607,69.807714,70.749788,-0.942075,239
2022-04-08,151866,11587085,70.749788,73.010767,70.655581,73.010767,2.260979,125
2022-04-11,267593,20551442,73.010767,73.293389,71.597655,72.445522,-0.565245,213
2022-04-12,391219,29375308,71.691863,72.1629,69.713506,70.372959,-2.072563,317
2022-04-13,239142,17902307,70.372959,71.597655,69.901921,71.40924,1.036281,209
2022-04-14,169063,12721835,71.40924,71.597655,70.184544,71.220826,-0.188414,138
2022-04-15,220457,16607981,70.843996,71.974485,70.372959,70.467166,-0.75366,162
2022-04-18,91960,6900271,69.996129,71.315033,69.996129,70.843996,0.37683,122
2022-04-19,99198,7475473,70.938203,71.597655,70.655581,70.655581,-0.188415,100
2022-04-20,42635,3209562,70.655581,71.40924,70.655581,70.938203,0.282622,64
2022-04-21,113296,8603668,71.220826,72.445522,71.032411,71.503448,0.565245,109
2022-04-22,79321,5983160,70.561373,71.597655,70.561373,70.749788,-0.75366,132
2022-04-25,246495,17642199,69.525092,69.525092,66.510453,66.698868,-4.05092,419
2022-04-26,74346,5290771,66.698868,67.73515,66.698868,67.452528,0.75366,124
2022-04-27,204203,14192848,64.81472,68.206187,63.872645,68.11198,0.659452,249
2022-04-28,43508,3153998,67.73515,69.148262,67.264113,68.48881,0.37683,131
2022-04-29,169065,12605516,69.242469,70.938203,69.242469,70.184544,1.695734,163
2022-05-03,267525,20480897,70.655581,73.010767,70.655581,72.1629,1.978356,359
2022-05-04,258826,20181792,70.938203,74.329671,70.938203,73.858634,1.695734,238
2022-05-05,134283,10594716,75.083331,75.365953,73.387597,73.387597,-0.471037,168
2022-05-06,95020,7328838,72.257107,73.670219,71.691863,73.387597,0.0,104
2022-05-09,102033,7907345,74.047049,74.141256,72.068693,72.068693,-1.318904,103
2022-05-10,171442,12882147,70.655581,71.974485,69.713506,71.78607,-0.282623,153
2022-05-11,83045,6380127,72.445522,73.481804,71.315033,72.1629,0.37683,87
2022-05-12,345807,27047912,73.764426,74.894916,72.728145,72.728145,0.565245,324
2022-05-13,313694,24886213,75.083331,75.742783,73.576012,73.670219,0.942074,314
2022-05-16,253383,20151829,74.706501,75.554368,74.235464,74.329671,0.659452,250
2022-05-17,207286,16589689,74.518086,75.931198,74.423879,75.554368,1.224697,184
2022-05-18,306644,25001304,76.308027,77.438517,75.931198,76.779065,1.224697,276
2022-05-19,183253,14675570,75.365953,76.402235,74.894916,75.83699,-0.942075,172
2022-05-20,116353,9285125,75.931198,76.496442,74.423879,74.423879,-1.413111,111
2022-05-23,212089,16587141,74.894916,74.894916,72.728145,73.576012,-0.847867,188
2022-05-24,138166,10825523,74.894916,75.083331,72.351315,72.445522,-1.13049,111
2022-05-25,127117,9973825,73.199182,74.894916,72.53973,74.894916,2.449394,132
2022-05-26,68018,5373129,74.894916,75.271746,73.481804,74.141256,-0.75366,68
2022-05-27,125307,9806088,74.706501,74.706501,73.010767,73.010767,-1.130489,112
2022-05-30,149221,11713447,73.293389,74.423879,72.916559,74.047049,1.036282,131
2022-05-31,94115,7440050,73.670219,75.083331,73.670219,75.083331,1.036282,91
2022-06-01,206565,16585743,74.706501,76.779065,74.706501,74.989123,-0.094208,206
2022-06-02,94623,7513709,75.554368,75.554368,74.329671,75.083331,0.094208,93
2022-06-06,377881,31098538,74.894916,78.663213,74.612293,77.721139,2.637808,362
2022-06-07,270059,22342101,77.815346,79.040043,76.496442,77.721139,0.0,566
2022-06-08,424437,35707636,80.076325,80.453155,77.532724,77.532724,-0.188415,422
2022-06-09,164130,13373274,77.061687,78.097969,75.83699,76.402235,-1.130489,182
2022-06-10,243412,19445460,75.46016,77.061687,74.235464,75.083331,-1.318904,259
2022-06-13,286722,21986604,73.387597,74.235464,70.278751,71.315033,-3.768298,265
2022-06-14,217253,16357184,70.467166,72.728145,69.619299,72.53973,1.224697,228
2022-06-15,93245,7128106,72.633937,72.822352,71.40924,71.40924,-1.13049,96
2022-06-16,165225,12337311,73.010767,73.010767,68.771432,68.771432,-2.637808,176
2022-06-17,150137,10933389,67.923565,69.430884,67.73515,68.771432,0.0,151
2022-06-20,208475,15041339,68.300395,69.336677,67.075698,67.169906,-1.601526,166
2022-06-21,108003,7840816,67.640943,69.242469,67.640943,69.054054,1.884148,73
2022-06-22,193282,13753760,69.336677,69.336677,65.945209,66.698868,-2.355186,152
2022-06-23,195313,14145001,66.793076,71.220826,66.133624,67.075698,0.37683,217
2022-06-24,49221,3531072,67.169906,68.300395,66.793076,67.075698,0.0,54
2022-06-27,52256,3797465,67.829358,69.054054,67.829358,68.300395,1.224697,53
2022-06-28,77017,5516127,68.206187,68.206187,67.075698,67.73515,-0.565245,59
2022-06-29,44233,3169777,66.887283,68.206187,66.793076,67.35832,-0.37683,47
2022-06-30,120160,8395427,66.698868,66.887283,65.003134,65.756794,-1.601526,109
2022-07-01,227434,15427441,66.227831,66.227831,62.553741,62.553741,-3.203053,211
2022-07-04,124030,8205984,62.742156,63.495815,61.705874,62.553741,0.0,108
2022-07-05,91107,6074439,63.213193,63.590023,61.800081,63.213193,0.659452,82
2022-07-06,98301,6481529,63.213193,63.495815,61.140629,61.140629,-2.072564,107
2022-07-07,79222,5236037,61.705874,63.118986,60.858007,62.836363,1.695734,71
2022-07-08,66158,4486511,63.590023,64.343682,63.495815,64.155267,1.318904,71
2022-07-11,71077,4787999,64.06106,64.06106,62.930571,63.401608,-0.753659,67
2022-07-12,184051,11887992,62.742156,62.742156,59.821725,59.821725,-3.579883,144
2022-07-13,68045,4413131,61.988496,61.988496,60.481177,60.481177,0.659452,65
2022-07-14,67136,4370075,60.38697,61.800081,60.292762,61.329044,0.847867,65
2022-07-15,54005,3549329,62.647948,62.647948,61.234837,61.800081,0.471037,51
2022-07-18,85152,5749396,63.118986,64.155267,62.647948,63.68423,1.884149,82
2022-07-19,65114,4404541,63.590023,64.06106,63.213193,63.401608,-0.282622,63
2022-07-20,80047,5543252,65.285757,65.945209,64.532097,65.474172,2.072564,70
2022-07-21,70381,4976522,66.510453,67.640943,65.474172,67.35832,1.884148,65
2022-07-22,126025,8913665,67.640943,69.148262,65.097342,68.48881,1.13049,123
2022-07-25,16421,1173816,66.416246,67.829358,66.416246,67.829358,-0.659452,33
2022-07-26,57027,4018396,66.887283,66.981491,65.756794,65.756794,-2.072564,61
2022-07-27,26024,1812872,65.756794,65.945209,64.720512,65.662587,-0.094207,27
2022-07-28,58010,3985183,67.491969,67.588249,65.373819,65.373819,-0.288768,60
2022-07-29,29009,2021020,67.491969,67.491969,66.625453,67.106851,1.733032,38
2022-08-01,46117,3218156,67.588249,67.780808,66.240335,66.914292,-0.192559,49
2022-08-02,31005,2112038,65.758937,65.855217,65.373819,65.758937,-1.155355,34
2022-08-03,21000,1438800,67.203131,67.203131,65.08498,65.08498,-0.673957,20
2022-08-04,36026,2434857,66.914292,66.914292,64.603583,65.18126,0.09628,42
2022-08-05,68011,4775859,66.432894,68.647324,66.047776,68.358485,3.177225,70
2022-08-08,128457,9239072,67.39569,69.802679,67.39569,69.706399,1.347914,86
2022-08-09,96052,6745861,67.491969,68.358485,67.010572,67.588249,-2.11815,80
2022-08-10,20003,1399209,67.29941,67.588249,67.203131,67.29941,-0.288839,15
2022-08-11,85163,6009423,67.491969,68.647324,67.29941,68.165926,0.866516,68
2022-08-12,99611,7084472,67.877088,69.128722,67.39569,68.165926,0.0,109
2022-08-15,77068,5526390,68.839883,69.706399,68.358485,69.128722,0.962796,62
2022-08-16,64110,4623371,68.551044,70.284076,68.454765,69.225001,0.096279,52
2022-08-17,45054,3240952,69.706399,69.706399,69.032442,69.032442,-0.192559,43
2022-08-18,60065,4338403,68.551044,70.091517,68.358485,69.41756,0.385118,50
2022-08-19,102227,7457750,69.802679,70.861754,69.802679,70.669195,1.251635,89
2022-08-22,35466,2595288,70.284076,70.861754,69.61012,70.476636,-0.192559,62
2022-08-23,157591,11592441,69.802679,71.72827,69.321281,71.246872,0.770236,107
2022-08-24,195232,14423466,72.113388,72.691065,69.802679,70.091517,-1.155355,152
2022-08-25,141123,10462878,71.535711,72.498506,70.476636,70.765474,0.673957,130
2022-08-26,201138,14805732,72.113388,72.113388,69.61012,69.706399,-1.059075,152
2022-08-29,94004,6598780,68.069647,68.069647,67.203131,67.39569,-2.310709,81
2022-08-30,113101,7944005,67.106851,68.358485,67.106851,67.684528,0.288838,92
2022-08-31,189101,13727972,67.39569,71.535711,67.39569,70.091517,2.406989,155
2022-09-01,146278,10378841,69.802679,69.802679,67.684528,68.069647,-2.02187,110
2022-09-02,117183,8192992,68.358485,68.358485,66.914292,66.914292,-1.155355,100
2022-09-05,156109,10668734,66.914292,66.914292,65.470099,65.566378,-1.347914,142
2022-09-06,114195,7713432,65.855217,65.855217,63.833346,65.08498,-0.481398,119
2022-09-07,53047,3564924,64.507303,65.855217,64.122185,64.699862,-0.385118,66
2022-09-08,214118,14587428,65.758937,66.529174,64.796142,66.047776,1.347914,93
2022-09-12,284111,20340288,67.010572,70.765474,67.010572,68.936163,2.888387,151
2022-09-13,52008,3729368,69.321281,69.51384,68.454765,68.551044,-0.385119,41
2022-09-14,144419,10320249,67.29941,69.995238,66.721733,69.706399,1.155355,125
2022-09-15,85103,6083119,69.51384,69.61012,68.454765,68.743604,-0.962795,57
2022-09-16,21858,1552214,68.743604,68.743604,67.973367,67.973367,-0.770237,42
2022-09-19,43003,3006311,67.780808,67.780808,66.721733,67.39569,-0.577677,32
2022-09-20,22152,1558670,67.588249,68.262206,67.491969,67.973367,0.577677,24
2022-09-21,57002,3956336,67.588249,67.588249,66.336615,66.432894,-1.540473,45
2022-09-22,36054,2482114,66.432894,66.721733,65.566378,66.432894,0.0,42
2022-09-23,74213,5050220,66.432894,66.432894,64.892421,65.758937,-0.673957,70
2022-09-26,172457,11256358,64.314744,64.314744,61.715196,61.715196,-4.043741,170
2022-09-27,121059,7714413,61.715196,63.06311,60.271003,63.06311,1.347914,112
2022-09-28,132281,8241991,62.292873,62.292873,59.308207,59.500766,-3.562344,126
2022-09-29,101004,6332552,62.196594,62.196594,59.211927,59.308207,-0.192559,91
2022-09-30,74124,4552175,59.019368,60.078443,58.056573,59.982164,0.673957,72
2022-10-03,25220,1568685,60.559841,60.656121,59.404487,59.404487,-0.577677,27
2022-10-04,86821,5477452,61.426357,61.618916,59.982164,60.656121,1.251634,246
2022-10-05,137216,8891593,61.811475,62.96683,61.137519,62.292873,1.636752,97
2022-10-06,63004,4023662,62.774271,62.774271,60.944959,61.233798,-1.059075,57
2022-10-07,37005,2342726,61.426357,61.811475,60.559841,61.137519,-0.096279,38
2022-10-11,140807,8513851,59.693325,59.693325,57.767734,58.73053,-2.406989,126
2022-10-12,61620,3719520,58.152852,58.73053,57.478895,58.73053,0.0,73
2022-10-13,217334,12756553,58.056573,58.249132,55.360745,56.227261,-2.503269,144
2022-10-14,57134,3395626,57.767734,57.960293,56.612379,56.997498,0.770237,54
2022-10-17,33730,1974035,56.130982,56.997498,55.842143,56.997498,0.0,34
2022-10-18,23890,1417762,57.575175,57.575175,56.901218,57.382616,0.385118,37
2022-10-19,25303,1491558,57.382616,57.575175,56.227261,56.323541,-1.059075,37
2022-10-20,25056,1456069,55.553304,56.804939,55.553304,56.227261,-0.09628,39
2022-10-21,12032,702387,56.227261,56.612379,56.034702,56.034702,-0.192559,19
2022-10-24,14123,825549,56.227261,56.612379,56.034702,56.034702,0.0,24
2022-10-25,163205,9258942,56.034702,56.130982,53.723993,55.938423,-0.096279,136
2022-10-26,71307,4127476,56.41982,56.41982,54.686788,55.168186,-0.770237,79
2022-10-27,45057,2609031,55.649584,55.938423,55.360745,55.938423,0.770237,44
2022-10-28,33025,1880243,55.360745,55.360745,54.494229,54.494229,-1.444194,26
2022-10-31,90052,5208015,54.590509,56.323541,54.590509,55.360745,0.866516,62
2022-11-01,84099,4917881,55.360745,56.901218,55.360745,56.130982,0.770237,70
2022-11-02,44036,2610458,56.130982,57.575175,56.034702,57.382616,1.251634,44
2022-11-03,64293,3909490,57.093777,59.404487,57.093777,58.73053,1.347914,60
2022-11-04,58392,3623707,59.693325,60.367282,59.308207,59.693325,0.962795,63
2022-11-07,52012,3234753,60.559841,60.559841,59.308207,59.500766,-0.192559,26
2022-11-08,41051,2555617,59.885884,60.463562,59.211927,59.211927,-0.288839,40
2022-11-09,36007,2248537,59.211927,60.656121,59.211927,60.271003,1.059076,38
2022-11-10,128500,7765600,58.73053,58.923089,57.382616,58.441691,-1.829312,107
2022-11-11,218102,13263323,59.211927,59.500766,57.575175,59.500766,1.059075,134
2022-11-14,52005,3188710,59.308207,59.500766,58.73053,58.826809,-0.673957,38
2022-11-15,58001,3524861,59.115648,59.404487,57.093777,57.767734,-1.059075,48
2022-11-16,79011,4712054,58.056573,58.056573,56.804939,56.804939,-0.962795,56
2022-11-17,51052,3047421,57.382616,57.767734,56.804939,57.382616,0.577677,47
2022-11-18,93048,5514669,57.478895,57.767734,56.41982,56.5161,-0.866516,83
2022-11-21,107226,6162600,56.5161,56.5161,54.590509,54.590509,-1.925591,99
2022-11-22,41059,2353294,54.39795,55.745863,54.30167,54.975627,0.385118,40
2022-11-23,43010,2512091,55.553304,56.901218,55.553304,56.323541,1.347914,43
2022-11-24,137076,8231267,56.708659,58.63425,56.708659,57.671455,1.347914,125
2022-11-25,22063,1305666,57.286336,57.382616,56.612379,56.901218,-0.770237,30
2022-11-28,26016,1522259,56.804939,56.804939,56.034702,56.5161,-0.385118,35
2022-11-29,51009,2951429,55.842143,56.034702,55.457025,55.938423,-0.577677,48
2022-11-30,34151,1987009,56.323541,56.323541,55.745863,55.842143,-0.09628,38
2022-12-01,36045,2117271,56.804939,57.093777,56.034702,56.323541,0.481398,43
2022-12-02,104014,6245840,56.5161,58.537971,56.5161,58.345411,2.02187,98
2022-12-05,75173,4587861,59.308207,59.308207,58.345411,58.73053,0.385119,93
2022-12-06,36632,2209256,58.73053,58.73053,57.767734,58.152852,-0.577678,27
2022-12-07,88159,5233651,57.767734,58.249132,56.227261,56.323541,-1.829311,92
2022-12-08,11011,646253,56.323541,56.997498,56.323541,56.997498,0.673957,18
2022-12-09,198218,11275445,55.842143,55.842143,54.109111,54.30167,-2.695828,194
2022-12-12,167138,9215290,53.916552,54.39795,52.664918,53.338874,-0.962796,144
2022-12-13,85068,4660904,53.338874,53.338874,52.279799,52.376079,-0.962795,88
2022-12-14,30228,1667507,52.472358,53.723993,52.472358,53.723993,1.347914,36
2022-12-15,24190,1336262,53.435154,53.531434,52.953756,53.531434,-0.192559,39
2022-12-16,43066,2359846,53.242595,53.242595,52.472358,53.146315,-0.385119,33
2022-12-19,112085,6086057,52.568638,53.146315,51.894681,51.990961,-1.155354,76
2022-12-20,113151,6022179,52.18352,52.18352,50.546767,51.413283,-0.577678,88
2022-12-21,20049,1064145,51.124445,51.413283,50.931886,51.413283,0.0,34
2022-12-22,29114,1565407,51.702122,52.472358,51.220724,51.894681,0.481398,34
2022-12-23,8232,440745,51.894681,51.894681,51.317004,51.605842,-0.288839,17
2022-12-26,111056,5882372,51.605842,51.605842,50.643047,51.124445,-0.481397,57
2022-12-27,658010,34399540,51.124445,51.124445,49.487692,50.161649,-0.962796,241
2022-12-28,135203,7038981,50.06537,50.546767,49.87281,49.96909,-0.192559,80
2022-12-29,18030,936957,49.96909,50.450488,49.87281,50.450488,0.481398,24
2022-12-30,24002,1260012,50.450488,50.931886,50.257929,50.450488,0.0,24
2023-01-03,46012,2436640,51.028165,51.413283,50.546767,51.124445,0.673957,56
2023-01-04,36043,1940804,51.413283,52.18352,51.317004,51.509563,0.385118,40
2023-01-05,29059,1560743,51.798402,52.472358,51.317004,51.605842,0.096279,34
2023-01-06,36014,1922048,51.413283,51.798402,51.220724,51.413283,-0.192559,33
2023-01-09,178530,9843214,52.664918,53.916552,52.18352,52.953756,1.540473,174
2023-01-10,41633,2304999,52.568638,53.820272,52.568638,52.761197,-0.192559,44
2023-01-11,20376,1114781,52.761197,53.050036,52.472358,52.664918,-0.096279,29
2023-01-12,20006,1095433,52.761197,52.857477,52.472358,52.472358,-0.19256,22
2023-01-13,47054,2543252,52.376079,52.472358,51.605842,52.08724,-0.385118,48
2023-01-16,19057,1037795,51.990961,52.761197,51.990961,52.568638,0.481398,25
2023-01-17,50050,2739197,52.279799,53.146315,52.279799,52.568638,0.0,47
2023-01-30,122200,6857209,53.242595,54.686788,53.242595,54.686788,2.11815,107
2023-01-31,43158,2452679,54.590509,54.975627,54.39795,54.494229,-0.192559,44
2023-02-01,60127,3395301,54.783068,54.879347,53.916552,54.783068,0.288839,73
2023-02-02,56096,3217480,55.168186,55.553304,54.975627,55.264466,0.481398,54
2023-02-03,47084,2702353,55.264466,55.457025,55.071907,55.457025,0.192559,55
2023-02-06,51621,2953913,55.360745,55.457025,54.686788,55.457025,0.0,81
2023-02-07,36064,2060087,55.071907,55.457025,54.783068,55.264466,-0.192559,47
2023-02-08,136229,7889689,55.360745,56.323541,54.975627,56.130982,0.866516,114
2023-02-09,145351,8290986,54.975627,54.975627,54.494229,54.879347,-1.251635,138
2023-02-10,148170,8339441,54.879347,54.879347,53.435154,54.012831,-0.866516,124
2023-02-13,23184,1302806,54.012831,54.783068,53.627713,54.20539,0.192559,59
2023-02-14,35020,1972931,54.109111,54.590509,53.916552,54.30167,0.09628,41
2023-02-15,31056,1750218,54.39795,54.39795,53.916552,54.39795,0.09628,55
2023-02-16,58113,3316866,54.879347,55.168186,54.686788,54.975627,0.577677,58
2023-02-17,25091,1429037,54.879347,55.168186,54.590509,54.879347,-0.09628,50
2023-02-20,29202,1670933,55.264466,55.264466,54.879347,55.264466,0.385119,63
2023-02-21,89169,5185531,55.649584,56.323541,55.457025,55.938423,0.673957,100
2023-02-22,134097,7562307,55.071907,55.071907,53.146315,54.30167,-1.636753,124
2023-02-23,55220,3120206,54.590509,54.686788,54.20539,54.686788,0.385118,61
2023-02-24,65020,3673074,54.590509,54.783068,54.012831,54.30167,-0.385118,63
2023-03-01,75484,4245015,54.39795,54.39795,53.723993,53.820272,-0.481398,104
2023-03-02,21181,1183839,54.012831,54.012831,53.627713,53.627713,-0.192559,60
2023-03-03,42024,2379001,54.30167,54.783068,54.30167,54.494229,0.866516,53
2023-03-06,25168,1426432,54.879347,54.879347,53.916552,54.590509,0.09628,60
2023-03-07,30088,1710084,55.360745,55.360745,54.39795,54.686788,0.096279,54
2023-03-08,41272,2337524,54.783068,54.783068,54.39795,54.39795,-0.288838,63
2023-03-09,33198,1874363,54.494229,54.494229,54.109111,54.109111,-0.288839,51
2023-03-10,23254,1304765,54.109111,54.20539,53.723993,54.012831,-0.09628,73
2023-03-13,95162,5208544,53.146315,53.242595,52.472358,52.664918,-1.347913,91
2023-03-14,46126,2505690,52.568638,52.568638,51.990961,52.18352,-0.481398,52
2023-03-15,39216,2126955,52.857477,52.857477,51.894681,51.990961,-0.192559,49
2023-03-16,70158,3766578,51.894681,52.18352,51.413283,51.605842,-0.385119,83
2023-03-17,44347,2381474,51.702122,52.08724,51.413283,51.990961,0.385119,52
2023-03-20,49069,2642913,52.08724,52.568638,51.124445,51.509563,-0.481398,62
2023-03-21,78010,4190248,51.605842,52.376079,51.509563,52.279799,0.770236,46
2023-03-22,128246,7126887,52.953756,53.916552,52.953756,53.723993,1.444194,114
2023-03-23,66039,3702992,53.723993,54.590509,53.531434,54.109111,0.385118,86
2023-03-24,1122120,68823391,57.767734,59.500766,57.286336,59.500766,5.391655,559
2023-03-27,3064423,199707433,60.174723,65.373819,59.885884,65.18126,5.680494,2169
2023-03-28,1979771,131658015,65.470099,65.855217,62.581712,65.470099,0.288839,1478
2023-03-29,2621151,182514655,66.047776,69.898958,64.507303,66.432894,0.962795,2093
2023-03-30,1271617,88082270,66.432894,67.39569,64.988701,67.203131,0.770237,942
2023-03-31,1356148,96327236,68.936163,69.321281,67.588249,68.069647,0.866516,1249
2023-04-06,693810,48708417,67.39569,68.551044,67.010572,67.010572,-1.059075,637
2023-04-07,771541,52282445,66.529174,67.010572,63.448228,64.314744,-2.695828,833
2023-04-10,1079998,68945975,62.581712,62.581712,60.078443,61.426357,-2.888387,862
2023-04-11,1545360,103033649,63.544508,65.08498,62.774271,63.929626,2.503269,1252
2023-04-12,638062,42415251,63.929626,64.892421,62.870551,64.796142,0.866516,628
2023-04-13,1461883,100468852,65.662658,66.914292,65.27754,65.662658,0.866516,1052
2023-04-14,595665,39915380,66.240335,66.240335,63.737067,63.833346,-1.829312,460
2023-04-17,1534706,108015836,63.929626,70.187797,63.351948,70.187797,6.354451,1068
2023-04-18,2727513,200297609,70.284076,73.172463,67.588249,67.684528,-2.503269,2108
2023-04-19,1032355,72795413,68.551044,69.032442,66.721733,67.106851,-0.577677,792
2023-04-20,589684,40475728,67.684528,67.684528,65.08498,65.08498,-2.021871,525
2023-04-21,471917,31126620,64.892421,65.470099,62.100314,62.100314,-2.984666,434
2023-04-24,210478,13578609,62.100314,63.159389,61.233798,61.522637,-0.577677,379
2023-04-25,342675,21563574,62.004035,62.581712,59.019368,59.500766,-2.021871,394
2023-04-26,429411,26777641,59.500766,60.944959,58.923089,59.885884,0.385118,460
2023-04-27,158185,9821095,59.982164,60.271003,59.211927,59.404487,-0.481397,182
2023-04-28,686337,44613903,60.271003,64.411024,59.693325,64.122185,4.717698,560
2023-05-02,401945,26189836,63.640787,63.640787,61.907755,61.907755,-2.21443,363
2023-05-03,364499,23788041,61.522637,64.025905,61.426357,62.581712,0.673957,278
2023-05-04,171493,11085142,62.581712,63.159389,61.811475,62.100314,-0.481398,151
2023-05-05,169420,10800625,62.677991,62.677991,60.944959,61.041239,-1.059075,144
2023-05-08,100142,6343385,61.811475,62.004035,60.367282,60.367282,-0.673957,102
2023-05-09,365959,22108893,60.271003,60.271003,56.804939,56.804939,-3.562343,306
2023-05-10,210191,12181091,55.842143,56.323541,55.071907,55.457025,-1.347914,205
2023-05-11,302385,16883622,55.071907,55.457025,52.953756,52.953756,-2.503269,260
2023-05-12,241070,13343301,52.953756,54.109111,52.472358,53.338874,0.385118,180
2023-05-15,180155,9831240,53.435154,53.435154,51.894681,51.894681,-1.444193,168
2023-05-16,85314,4668961,52.08724,53.050036,52.08724,52.857477,0.962796,85
2023-05-17,126483,7055076,52.953756,54.109111,52.953756,53.435154,0.577677,118
2023-05-18,61021,3388784,53.916552,54.30167,53.146315,53.338874,-0.09628,62
2023-05-19,133894,7516746,54.109111,54.686788,53.627713,53.916552,0.577678,175
2023-05-22,106759,6030627,54.012831,54.879347,53.820272,54.783068,0.866516,125
2023-05-23,52118,2976448,54.686788,55.360745,54.590509,54.975627,0.192559,49
2023-05-24,198021,11531122,54.975627,57.286336,54.494229,56.323541,1.347914,132
2023-05-25,62215,3596034,56.130982,56.130982,55.457025,55.553304,-0.770237,66
2023-05-26,102106,5877175,54.975627,56.034702,54.975627,55.071907,-0.481397,77
2023-05-29,85068,4933791,55.842143,56.130982,55.553304,55.938423,0.866516,75
2023-05-30,78146,4485599,55.938423,55.938423,54.879347,54.975627,-0.962796,71
2023-05-31,142096,8168492,54.879347,55.938423,54.20539,55.649584,0.673957,84
2023-06-01,43118,2498774,55.553304,56.227261,55.457025,55.745863,0.096279,49
2023-06-02,82062,4804623,56.227261,56.612379,56.130982,56.227261,0.481398,94
2023-06-05,127191,7435144,55.842143,57.093777,55.649584,57.093777,0.866516,116
2023-06-06,72536,4250099,57.190057,57.190057,56.130982,56.130982,-0.962795,67
2023-06-07,68524,4035430,56.227261,57.093777,56.227261,56.612379,0.481397,86
2023-06-08,86657,5052484,56.997498,56.997498,55.842143,56.130982,-0.481397,129
2023-06-09,145119,8655380,57.286336,58.056573,56.41982,57.286336,1.155354,102
2023-06-12,127364,7472714,57.864014,57.864014,55.938423,56.034702,-1.251634,124
2023-06-13,35017,2060189,56.5161,56.997498,56.323541,56.41982,0.385118,39
2023-06-14,98288,5759726,56.5161,56.804939,56.034702,56.41982,0.0,58
2023-06-15,134522,8061008,56.804939,58.249132,56.804939,58.152852,1.733032,122
2023-06-16,195578,11633287,57.960293,57.960293,56.5161,56.997498,-1.155354,118
2023-06-19,47044,2767705,57.093777,57.093777,56.323541,56.323541,-0.673957,51
2023-06-20,73899,4322358,56.5161,56.901218,55.938423,56.130982,-0.192559,67
2023-06-21,119268,7018289,56.034702,57.382616,56.034702,56.708659,0.577677,78
2023-06-26,41068,2411799,56.708659,56.997498,56.227261,56.323541,-0.385118,52
2023-06-27,74181,4280530,56.323541,56.708659,54.879347,55.553304,-0.770237,70
2023-06-28,135128,7930587,55.842143,57.478895,55.745863,56.323541,0.770237,111
2023-06-29,502131,30876884,56.612379,61.522637,56.034702,58.345411,2.02187,388
2023-06-30,95214,5772373,58.923089,59.019368,58.152852,58.345411,0.0,87
2023-07-03,119778,7379105,60.271003,60.271003,58.73053,59.019368,0.673957,134
2023-07-04,108804,6667260,58.056573,59.982164,58.056573,58.826809,-0.192559,109
2023-07-05,173677,10799721,59.019368,60.559841,59.019368,59.885884,1.059075,164
2023-07-06,154623,9737938,59.211927,61.330078,59.211927,60.656121,0.770237,198
2023-07-07,137343,8480097,60.656121,60.84868,58.537971,60.078443,-0.577678,143
2023-07-10,82425,5068939,59.693325,60.078443,58.537971,58.73053,-1.347913,133
2023-07-11,113341,7043030,59.597046,60.367282,58.923089,59.789605,1.059075,119
2023-07-12,83495,5110904,59.597046,59.693325,58.249132,58.63425,-1.155355,125
2023-07-13,100133,6045413,58.73053,58.826809,57.286336,57.286336,-1.347914,107
2023-07-14,68446,4075861,56.901218,58.056573,56.901218,56.901218,-0.385118,70
2023-07-17,74622,4414614,56.901218,57.575175,56.41982,56.5161,-0.385118,88
2023-07-18,206333,11897976,57.286336,57.286336,55.071907,55.071907,-1.444193,163
2023-07-19,50315,2915151,56.227261,56.612379,54.879347,55.071907,0.0,70
2023-07-20,69260,3972411,55.168186,55.553304,54.879347,55.264466,0.192559,73
2023-07-21,68683,3911457,54.783068,55.360745,54.590509,55.360745,0.096279,71
2023-07-24,76196,4319696,54.975627,55.168186,54.30167,55.168186,-0.192559,70
2023-07-25,50160,2862666,55.168186,55.457025,54.686788,55.168186,0.0,42
2023-07-26,117500,6669934,55.168186,55.168186,54.30167,54.686788,-0.481398,115
2023-07-27,70313,3928853,55.782163,56.580477,54.98385,55.881953,1.195165,75
2023-07-28,106177,6053041,55.981742,57.578369,55.582585,57.179212,1.297259,92
2023-07-31,145397,8412934,58.177104,58.276893,56.979634,57.378791,0.199579,134
2023-08-01,66505,3799543,57.47858,57.877737,56.380899,56.979634,-0.399157,74
2023-08-02,52867,2977074,56.979634,57.079423,55.582585,55.582585,-1.397049,66
2023-08-04,136764,7831870,56.580477,58.177104,55.482796,57.977526,2.394941,133
2023-08-07,22334,1279638,57.877737,57.877737,56.979634,57.179212,-0.798314,107
2023-08-08,25415,1431507,56.879845,56.879845,55.881953,55.881953,-1.297259,80
2023-08-09,91171,5281640,57.079423,58.576261,57.079423,57.378791,1.496838,93
2023-08-10,42376,2410304,57.877737,57.877737,56.081531,56.081531,-1.29726,55
2023-08-11,28714,1624131,56.18132,56.780055,56.081531,56.580477,0.498946,40
2023-08-14,50480,2811472,56.081531,56.081531,54.98385,55.782163,-0.798314,61
2023-08-15,19005,1068482,56.879845,56.879845,55.482796,56.680266,0.898103,20
2023-08-16,59042,3270323,56.281109,56.281109,54.784271,55.283217,-1.397049,52
2023-08-17,48001,2703459,56.480688,56.580477,55.183428,55.881953,0.598736,44
2023-08-18,20099,1134271,56.680266,56.680266,55.881953,56.18132,0.299367,34
2023-08-21,30130,1695247,56.680266,57.279001,55.682374,56.081531,-0.099789,38
2023-08-22,46488,2598287,57.079423,57.079423,55.482796,55.682374,-0.399157,50
2023-08-23,63627,3605637,55.682374,56.979634,55.682374,56.680266,0.997892,117
2023-08-24,97327,5554112,56.081531,57.578369,55.881953,57.578369,0.898103,102
2023-08-25,82139,4643558,57.279001,57.279001,55.981742,56.580477,-0.997892,93
2023-08-28,69601,3922030,55.981742,56.879845,55.682374,56.380899,-0.199578,80
2023-08-29,34216,1948627,56.879845,56.979634,56.580477,56.979634,0.598735,50
2023-08-30,50126,2899871,57.079423,58.077315,57.079423,57.877737,0.898103,52
2023-08-31,84005,4877288,57.877737,58.476472,57.777947,57.877737,0.0,43
2023-09-01,91222,5321752,58.476472,58.875629,57.877737,58.276893,0.399156,86
2023-09-04,96232,5679595,58.975418,59.274785,58.376683,58.775839,0.498946,89
2023-09-05,43227,2546401,59.374575,59.374575,58.476472,58.476472,-0.299367,59
2023-09-06,42635,2502995,58.67605,58.875629,58.276893,58.376683,-0.099789,34
2023-09-07,369766,22418130,57.977526,63.66551,57.977526,62.667618,4.290935,301
2023-09-08,167301,10120579,60.372467,61.569937,59.873521,60.572045,-2.095573,285
2023-09-11,45275,2710437,59.274785,60.272677,59.274785,59.673942,-0.898103,53
2023-09-12,45210,2713770,59.673942,60.372467,59.174996,59.97331,0.299368,41
2023-09-13,30098,1783687,59.274785,59.374575,58.875629,59.174996,-0.798314,43
2023-09-14,29008,1734285,59.474364,60.871413,59.274785,59.873521,0.698525,32
2023-09-15,44003,2609688,59.374575,60.073099,58.875629,59.474364,-0.399157,38
2023-09-18,105020,6205677,59.474364,59.673942,58.576261,58.975418,-0.498946,49
2023-09-19,84972,4981650,59.474364,59.474364,58.276893,58.476472,-0.498946,41
2023-09-20,114533,6684414,58.077315,58.576261,57.877737,58.276893,-0.199579,34
2023-09-21,79155,4602158,57.877737,58.177104,57.578369,58.077315,-0.199578,30
2023-09-22,97180,5644005,59.374575,59.374575,57.279001,57.877737,-0.199578,46
2023-09-25,9015,520193,57.578369,58.077315,57.47858,58.077315,0.199578,22
2023-09-26,145695,8264895,57.578369,57.578369,56.380899,56.380899,-1.696416,55
2023-09-27,30474,1720014,57.777947,57.777947,55.981742,56.081531,-0.299368,69
2023-09-28,16103,908922,56.081531,56.879845,56.081531,56.879845,0.798314,43
2023-10-02,13038,744747,56.979634,57.977526,56.580477,57.977526,1.097681,27
2023-10-03,5,288,56.979634,57.977526,56.580477,57.977526,0.0,5
2023-10-04,25163,1440000,57.378791,57.378791,56.281109,57.279001,-0.698525,20
2023-10-05,49008,2786963,57.378791,57.378791,56.580477,57.079423,-0.199578,55
2023-10-06,22100,1260601,56.879845,57.079423,56.680266,56.979634,-0.099789,26
2023-10-11,77452,4516432,57.977526,59.075207,57.179212,57.179212,0.199578,115
2023-10-12,5005,290292,58.376683,58.376683,57.47858,57.47858,0.299368,10
2023-10-13,67033,3841984,57.279001,57.678158,56.480688,57.179212,-0.299368,50
2023-10-16,18093,1035724,57.777947,57.877737,56.580477,57.279001,0.099789,26
2023-10-17,26053,1495141,57.678158,57.678158,56.879845,57.279001,0.0,28
2023-10-18,37027,2099845,57.179212,57.179212,56.18132,56.780055,-0.498946,50
2023-10-19,30011,1692734,56.780055,56.780055,55.981742,55.981742,-0.798313,35
2023-10-20,67327,3719900,56.081531,56.081531,54.484904,54.484904,-1.496838,124
2023-10-23,65533,3536266,54.385115,54.484904,53.387223,54.285325,-0.199579,133
2023-10-24,35047,1900547,54.784271,54.784271,53.786379,54.085747,-0.199578,56
2023-10-25,28028,1534322,54.185536,55.283217,54.085747,55.283217,1.19747,35
2023-10-26,54105,2963893,54.385115,54.884061,54.385115,54.584693,-0.698524,57
2023-10-27,33004,1809150,54.684482,55.083639,54.185536,54.884061,0.299368,99
2023-10-30,46538,2576139,55.083639,55.682374,54.884061,55.283217,0.399156,44
2023-10-31,82364,4573562,55.682374,56.281109,54.884061,54.884061,-0.399156,93
2023-11-01,45131,2488342,55.881953,55.881953,54.584693,54.784271,-0.09979,44
2023-11-02,48477,2705869,54.98385,56.081531,54.98385,55.482796,0.698525,47
2023-11-03,29001,1628658,56.18132,56.380899,55.383007,55.482796,0.0,29
2023-11-06,81786,4683543,55.881953,57.578369,55.881953,57.578369,2.095573,81
2023-11-07,51012,2942786,57.378791,58.576261,56.879845,56.979634,-0.598735,50
2023-11-08,32003,1826365,57.877737,57.877737,56.480688,56.780055,-0.199579,29
2023-11-09,93005,5411590,58.975418,58.975418,57.279001,57.47858,0.698525,75
2023-11-10,78166,4478363,58.276893,58.276893,56.281109,57.179212,-0.299368,101
2023-11-13,65004,3781728,58.775839,58.775839,57.279001,57.47858,0.299368,54
2023-11-14,40003,2300871,56.979634,58.177104,56.979634,57.179212,-0.299368,42
2023-11-15,170237,9954325,57.877737,58.875629,57.378791,58.276893,1.097681,159
2023-11-16,26020,1518547,58.67605,58.67605,57.977526,58.476472,0.199579,31
2023-11-17,50006,2946054,58.775839,59.174996,58.476472,58.67605,0.199578,49
2023-11-20,60102,3556839,58.67605,59.474364,58.67605,58.975418,0.299368,53
2023-11-21,55082,3262608,59.174996,59.474364,58.875629,58.875629,-0.099789,53
2023-11-22,22004,1300935,59.474364,59.474364,58.775839,58.775839,-0.09979,25
2023-11-23,48017,2827101,58.875629,59.374575,58.177104,58.576261,-0.199578,54
2023-11-24,461478,28002353,59.075207,61.470148,59.075207,60.671834,2.095573,363
2023-11-27,110215,6709249,60.671834,61.669726,60.372467,60.771623,0.099789,113
2023-11-28,305449,18975891,61.070991,62.667618,60.871413,62.368251,1.596628,221
2023-11-29,130208,8103396,62.46804,63.066775,61.470148,63.066775,0.698524,123
2023-11-30,339683,21810922,62.966986,64.96277,62.867197,64.563613,1.496838,310
2023-12-01,259574,16927101,65.561505,65.960662,63.964878,64.862981,0.299368,227
2023-12-04,162181,10430798,65.062559,65.262137,63.565721,63.765299,-1.097682,142
2023-12-05,112251,7074285,63.366143,63.366143,62.368251,63.366143,-0.399156,114
2023-12-06,91323,5823020,64.064667,64.164456,63.066775,63.465932,0.099789,85
2023-12-07,81556,5145316,63.166564,63.366143,62.46804,63.266353,-0.199579,279
2023-12-08,60188,3799100,63.266353,63.266353,62.667618,62.667618,-0.598735,55
2023-12-11,81101,5110346,63.366143,63.366143,62.268461,63.266353,0.598735,60
2023-12-12,266426,17149147,63.964878,65.561505,63.066775,63.066775,-0.199578,260
2023-12-13,36316,2307518,63.166564,63.865089,62.867197,63.366143,0.299368,58
2023-12-14,87466,5517539,63.366143,63.964878,62.46804,62.46804,-0.898103,307
2023-12-15,66032,4139759,63.465932,63.465932,62.168672,62.168672,-0.299368,88
2023-12-18,66295,4130150,62.168672,62.867197,61.769515,62.268461,0.099789,126
2023-12-19,52255,3235761,63.066775,63.066775,61.569937,61.569937,-0.698524,61
2023-12-20,59239,3622114,61.470148,62.068883,60.572045,60.971202,-0.598735,85
2023-12-21,46560,2842775,60.771623,61.669726,60.372467,61.370359,0.399157,76
2023-12-22,38410,2336884,61.370359,61.370359,60.572045,60.572045,-0.798314,44
2023-12-25,39003,2351383,60.572045,60.671834,59.873521,60.172888,-0.399157,39
2023-12-26,28175,1715426,60.971202,60.971202,60.272677,60.971202,0.798314,33
2023-12-27,279614,17179579,60.871413,61.470148,60.472256,61.470148,0.498946,71
2023-12-28,239755,14931761,61.470148,64.064667,61.270569,64.064667,2.594519,207
2023-12-29,303056,19276467,64.064667,64.064667,63.066775,63.565721,-0.498946,97
2024-01-02,58144,3681424,64.463824,64.463824,62.867197,62.867197,-0.698524,67
2024-01-03,118078,7397751,62.767407,63.465932,61.869305,62.767407,-0.09979,54
2024-01-04,40030,2504139,62.068883,63.66551,61.969094,62.667618,-0.099789,42
2024-01-05,86169,5350449,63.066775,63.066775,61.869305,61.869305,-0.798313,44
2024-01-08,22021,1361002,61.370359,61.869305,61.370359,61.569937,-0.299368,37
2024-01-09,265440,15677661,60.272677,60.871413,57.678158,57.678158,-3.891779,294
2024-01-10,41474,2410954,59.374575,59.374575,57.47858,58.576261,0.898103,56
2024-01-11,110445,6374519,59.075207,59.075207,57.079423,57.079423,-1.496838,121
2024-01-12,62114,3525639,57.079423,57.678158,56.081531,56.081531,-0.997892,91
2024-01-15,28033,1591660,55.981742,57.47858,55.981742,56.380899,0.299368,54
2024-01-16,47276,2677329,57.279001,57.378791,55.881953,56.879845,0.498946,67
2024-01-17,35127,2006593,58.077315,58.077315,56.680266,56.879845,0.0,55
2024-01-18,14039,796618,57.279001,57.279001,56.380899,56.580477,-0.299368,35
2024-01-19,43604,2472948,56.680266,57.179212,56.081531,56.979634,0.399157,70
2024-01-22,31059,1773021,56.780055,57.678158,56.380899,57.678158,0.698524,38
2024-01-23,33778,1928756,57.378791,57.47858,56.680266,57.47858,-0.199578,52
2024-01-24,41058,2371311,56.979634,57.877737,56.979634,57.877737,0.399157,46
2024-01-25,26063,1513838,58.576261,58.576261,57.777947,57.877737,0.0,43
2024-01-26,33005,1927607,58.67605,58.67605,57.777947,58.276893,0.399156,35
2024-01-29,22073,1278806,58.67605,58.67605,57.279001,57.578369,-0.698524,39
2024-01-30,29229,1678689,57.578369,57.777947,57.079423,57.777947,0.199578,44
2024-01-31,88150,5120274,57.079423,59.673942,57.079423,57.977526,0.199579,88
2024-02-01,13018,755144,57.977526,57.977526,57.678158,57.877737,-0.099789,28
2024-02-02,27246,1591171,57.977526,58.67605,57.877737,58.476472,0.598735,49
2024-02-05,40437,2343635,58.177104,58.476472,57.47858,57.47858,-0.997892,61
2024-02-15,128292,7556099,58.576261,59.574153,57.777947,59.274785,1.796205,134
2024-02-16,67027,4004260,59.474364,59.873521,59.374575,59.673942,0.399157,78
2024-02-19,61198,3696872,59.873521,60.671834,59.773731,60.572045,0.898103,127
2024-02-20,34706,2105034,60.572045,60.871413,60.272677,60.272677,-0.299368,104
2024-02-21,18155,1099251,60.671834,60.671834,60.272677,60.272677,0.0,54
2024-02-22,46138,2770434,60.172888,60.272677,59.773731,59.773731,-0.498946,63
2024-02-23,57030,3415431,60.372467,60.372467,59.374575,59.374575,-0.399156,75
2024-02-26,33115,1982623,59.773731,60.073099,59.574153,59.574153,0.199578,102
2024-02-27,43332,2582970,59.873521,60.073099,58.975418,59.374575,-0.199578,79
2024-02-29,28424,1694414,59.374575,59.673942,59.374575,59.474364,0.099789,84
2024-03-01,65488,3919994,59.97331,59.97331,59.474364,59.873521,0.399157,149
2024-03-04,78092,4643466,59.97331,59.97331,58.975418,59.075207,-0.798314,143
2024-03-05,313886,19327697,58.875629,63.066775,58.875629,62.368251,3.293044,321
2024-03-06,184529,11600695,62.867197,63.366143,61.969094,63.066775,0.698524,239
2024-03-07,83422,5190598,63.266353,63.266353,61.370359,61.370359,-1.696416,120
2024-03-08,614507,39430707,62.567829,65.262137,61.869305,62.368251,0.997892,637
2024-03-11,639651,43054895,63.266353,68.555181,63.266353,68.555181,6.18693,516
2024-03-12,1602519,111315959,70.850333,72.546749,66.260029,67.856657,-0.698524,1393
2024-03-13,577078,38329205,67.856657,67.956446,64.064667,64.862981,-2.993676,437
2024-03-14,615758,38718616,63.066775,64.364035,61.470148,62.368251,-2.49473,519
2024-03-15,466706,30105185,62.867197,65.262137,62.168672,64.064667,1.696416,440
2024-03-18,193240,12276425,65.262137,65.262137,62.068883,62.966986,-1.097681,401
2024-03-19,267993,16643777,63.166564,64.364035,60.572045,60.671834,-2.295152,255
2024-03-20,262183,15841069,60.472256,61.769515,59.374575,59.374575,-1.297259,267
2024-03-21,117668,7017138,60.073099,60.172888,59.174996,59.274785,-0.09979,151
2024-03-22,103198,6260607,59.873521,61.070991,59.673942,60.671834,1.397049,114
2024-03-25,78977,4817557,60.871413,61.270569,60.272677,60.871413,0.199579,216
2024-03-26,199129,11832256,60.871413,60.971202,58.576261,58.775839,-2.095574,184
2024-03-27,94268,5553880,58.875629,59.574153,58.276893,58.67605,-0.099789,131
2024-03-28,50424,3005211,58.875629,59.873521,58.875629,59.673942,0.997892,108
2024-03-29,39548,2358802,59.673942,59.773731,59.075207,59.574153,-0.099789,59
2024-04-01,179967,10881721,59.773731,61.370359,59.374575,60.671834,1.097681,141
2024-04-02,104993,6349795,61.070991,61.17078,59.773731,60.073099,-0.598735,134
2024-04-03,111221,6717629,59.574153,60.971202,59.374575,59.97331,-0.099789,136
2024-04-08,44454,2702093,60.771623,61.070991,60.272677,60.771623,0.798313,216
2024-04-09,90066,5490708,60.871413,61.470148,60.572045,60.572045,-0.199578,197
2024-04-10,169710,10475962,60.971202,62.767407,60.671834,61.370359,0.798314,237
2024-04-11,117134,7212530,61.370359,61.969094,60.272677,61.869305,0.498946,124
2024-04-12,238424,15085257,62.268461,63.865089,62.068883,63.166564,1.297259,296
2024-04-15,311264,20129029,63.765299,65.461716,63.166564,64.463824,1.29726,398
2024-04-16,197126,12268477,64.763191,64.763191,61.070991,61.270569,-3.193255,340
2024-04-17,129609,8198184,61.969094,63.865089,61.969094,63.765299,2.49473,146
2024-04-18,95763,6102203,63.765299,64.862981,62.867197,62.966986,-0.798313,228
2024-04-19,170220,10425213,62.068883,63.266353,59.97331,60.871413,-2.095573,223
2024-04-22,151767,9147194,60.971202,61.370359,59.374575,59.574153,-1.29726,229
2024-04-23,47201,2832803,60.971202,60.971202,59.574153,59.773731,0.199578,145
2024-04-24,46500,2800235,60.272677,60.372467,59.873521,59.97331,0.199579,172
2024-04-25,77159,4612181,59.773731,60.272677,59.374575,59.574153,-0.399157,138
2024-04-26,158446,9744771,60.372467,62.168672,59.97331,61.769515,2.195362,280
2024-04-29,244748,15598684,62.867197,64.364035,62.667618,62.867197,1.097682,341
2024-04-30,180698,11563191,64.064667,64.364035,63.266353,63.964878,1.097681,185
2024-05-02,235882,15249302,64.364035,65.262137,63.465932,64.064667,0.099789,242
2024-05-03,120484,7780140,64.264245,65.162348,63.66551,63.765299,-0.299368,118
2024-05-06,260675,16967571,64.563613,65.461716,64.364035,64.862981,1.097682,244
2024-05-07,163627,10753323,65.960662,66.260029,64.663402,65.960662,1.097681,167
2024-05-08,246526,16239703,66.16024,67.557289,64.563613,64.563613,-1.397049,454
2024-05-09,297151,18752077,62.46804,64.064667,61.370359,64.064667,-0.498946,257
2024-05-10,151629,9681555,64.264245,64.96277,62.46804,63.465932,-0.598735,159
2024-05-13,85006,5406239,63.565721,64.264245,62.966986,63.366143,-0.099789,127
2024-05-14,99117,6357589,64.064667,64.463824,63.465932,64.463824,1.097681,106
2024-05-15,148542,9680153,64.463824,65.561505,64.463824,64.96277,0.498946,177
2024-05-16,151378,9738196,65.561505,65.661294,63.166564,63.366143,-1.596627,162
2024-05-17,117004,7484947,63.366143,64.463824,62.867197,63.765299,0.399156,84
2024-05-20,158984,10380422,64.862981,65.661294,64.364035,65.062559,1.29726,298
2024-05-21,112866,7340388,65.461716,65.561505,64.264245,65.262137,0.199578,222
2024-05-22,72583,4776176,65.661294,66.060451,65.162348,65.661294,0.399157,74
2024-05-23,181801,11707159,65.661294,65.661294,63.565721,64.164456,-1.496838,167
2024-05-24,161403,10488389,64.862981,65.561505,64.164456,65.162348,0.997892,149
2024-05-27,81056,5263537,65.761083,65.761083,64.463824,64.663402,-0.498946,81
2024-05-28,121259,7881064,64.663402,65.361927,64.364035,64.463824,-0.199578,128
2024-05-29,93009,6020057,64.563613,65.162348,63.964878,64.862981,0.399157,111
2024-05-30,100445,6452957,64.862981,65.262137,62.966986,62.966986,-1.895995,124
2024-05-31,106326,6753476,63.66551,64.064667,62.368251,63.366143,0.399157,108
2024-06-03,118350,7507869,62.767407,63.765299,62.767407,63.565721,0.199578,157
2024-06-04,77787,4923917,63.166564,64.064667,62.46804,62.567829,-0.997892,130
2024-06-05,86509,5394709,62.667618,62.867197,61.569937,61.569937,-0.997892,190
2024-06-06,80430,4987568,62.068883,63.066775,61.270569,61.569937,0.0,98
2024-06-07,59118,3654906,61.569937,62.268461,61.370359,62.168672,0.598735,52
2024-06-11,304847,18250096,61.969094,61.969094,58.875629,58.875629,-3.293043,304
2024-06-12,69293,4087853,58.875629,59.274785,58.67605,58.975418,0.099789,85
2024-06-13,67524,3983240,59.274785,59.274785,58.576261,59.274785,0.299367,145
2024-06-14,716165,44042694,59.075207,63.366143,59.075207,59.873521,0.598736,697
2024-06-17,53218,3191567,59.873521,60.272677,59.574153,59.873521,0.0,53
2024-06-18,99260,5920709,59.773731,60.172888,59.374575,60.172888,0.299367,61
2024-06-19,237263,13947701,60.172888,60.172888,57.578369,58.476472,-1.696416,208
2024-06-20,75309,4434829,58.576261,59.274785,58.177104,58.67605,0.199578,74
2024-06-21,1178408,76023043,62.268461,64.463824,62.268461,64.463824,5.787774,463
2024-06-24,3800339,260293510,70.850333,70.850333,63.765299,65.461716,0.997892,2209
2024-06-25,1014630,64958355,66.758975,67.557289,61.869305,63.266353,-2.195363,918
2024-06-26,426240,26902081,62.867197,63.865089,62.368251,62.368251,-0.898102,402
2024-06-27,284615,17535141,63.166564,63.166564,60.671834,61.470148,-0.898103,230
2024-06-28,175499,10940200,62.068883,62.867197,61.669726,61.669726,0.199578,163
2024-07-01,213314,13002315,61.869305,61.869305,60.172888,60.372467,-1.297259,193
2024-07-02,128713,7741621,60.671834,60.671834,59.773731,59.97331,-0.399157,106
2024-07-03,61135,3701110,60.073099,60.971202,59.97331,60.073099,0.099789,60
2024-07-04,142415,8575273,60.272677,60.771623,59.574153,59.574153,-0.498946,143
2024-07-05,127678,7772007,59.873521,61.470148,59.773731,61.270569,1.696416,114
2024-07-08,86406,5259500,61.669726,61.769515,59.97331,60.971202,-0.299367,110
2024-07-09,131743,8105366,60.971202,62.068883,60.472256,61.270569,0.299367,137
2024-07-10,96060,5950349,60.871413,62.46804,60.871413,61.070991,-0.199578,113
2024-07-11,188181,11363815,60.472256,60.871413,59.873521,60.172888,-0.898103,445
2024-07-12,51214,3077983,59.873521,60.372467,59.873521,59.873521,-0.299367,59
2024-07-15,110194,6569234,59.97331,59.97331,59.174996,59.174996,-0.698525,91
2024-07-16,95103,5697724,59.574153,60.572045,59.174996,59.274785,0.099789,70
2024-07-17,172091,10356624,59.574153,60.771623,59.474364,59.574153,0.299368,133
2024-07-18,163057,9589195,59.374575,59.474364,58.177104,59.474364,-0.099789,131
2024-07-19,163867,9561680,59.374575,59.374575,56.979634,57.279001,-2.195363,162
2024-07-22,276189,15239907,57.279001,57.279001,53.886169,54.784271,-2.49473,230
2024-07-23,41404,2304516,55.482796,56.18132,54.884061,55.283217,0.498946,45
2024-07-26,31188,1710059,54.085747,55.383007,53.985958,54.884061,-0.399156,70
2024-07-29,31176,1706893,56.18132,56.18132,54.185536,54.684482,-0.199579,39
2024-07-30,128045,6866669,53.886169,54.784271,52.788487,54.784271,0.099789,118
2024-07-31,39015,2123066,53.487012,54.784271,53.487012,53.985958,-0.798313,40
2024-08-01,46054,2544514,54.884061,55.782163,54.385115,55.183428,1.19747,45
2024-08-02,39282,2128601,54.085747,54.884061,53.387223,54.185536,-0.997892,46
2024-08-05,224185,11150623,52.788487,52.788487,48.796919,48.796919,-5.388617,215
2024-08-06,289695,13238299,48.397762,48.996498,44.106827,45.753349,-3.04357,243
2024-08-07,131047,6372258,46.900924,49.844706,46.900924,49.445549,3.6922,114
2024-08-08,50018,2456364,49.196076,49.495444,48.397762,49.495444,0.049895,45
2024-08-09,55602,2843907,49.99439,51.890385,49.99439,51.092071,1.596627,66
2024-08-12,82281,4339243,51.591017,53.487012,51.591017,52.688698,1.596627,123
2024-08-13,36150,1899876,53.287433,53.287433,51.890385,52.089963,-0.598735,67
2024-08-14,50213,2622338,52.389331,52.48912,51.790595,51.790595,-0.299368,99
2024-08-15,7032,366887,52.688698,52.688698,51.690806,51.690806,-0.099789,18
2024-08-16,58133,3061154,52.48912,53.087855,51.990174,52.48912,0.798314,66
2024-08-19,61205,3285530,54.285325,54.285325,52.888277,53.68659,1.19747,66
2024-08-20,45036,2397810,53.187644,53.68659,52.389331,53.087855,-0.598735,52
2024-08-21,32162,1711387,52.389331,53.68659,52.289541,53.387223,0.299368,40
2024-08-22,61071,3328601,53.786379,55.083639,53.387223,55.083639,1.696416,57
2024-08-23,26003,1418467,54.185536,54.784271,54.185536,54.385115,-0.698524,24
2024-08-26,31024,1687414,54.385115,54.884061,53.886169,54.784271,0.399156,35
2024-08-27,35052,1900817,53.985958,54.884061,53.886169,54.385115,-0.399156,37
2024-08-28,93201,5217800,54.784271,56.680266,54.784271,55.981742,1.596627,87
2024-08-29,78230,4265500,53.886169,55.283217,53.387223,54.884061,-1.097681,97
2024-08-30,89454,4956586,54.884061,56.580477,54.884061,54.98385,0.099789,70
2024-09-02,37133,2052316,54.98385,55.682374,54.684482,55.482796,0.498946,46
2024-09-03,411655,24508397,55.183428,60.971202,54.484904,60.971202,5.488406,254
2024-09-04,3824921,248987979,61.470148,67.058343,60.272677,67.058343,6.087141,2084
2024-09-05,9151165,648775131,69.652862,72.047803,68.854549,71.548857,4.490514,4591
2024-09-06,5159611,366799549,71.349279,72.247382,69.453284,69.652862,-1.895995,2577
2024-09-09,4002145,279148727,68.65497,71.848225,67.4575,71.848225,2.195363,1862
2024-09-10,5087579,354374537,70.750544,72.44696,64.96277,67.158132,-4.690093,3366
2024-09-11,2345711,161724807,68.555181,70.750544,66.758975,68.65497,1.496838,1976
2024-09-12,1149998,79186344,69.852441,70.251598,67.357711,68.555181,-0.099789,1106
2024-09-13,1118075,75075266,68.65497,69.752651,65.761083,65.860873,-2.694308,898
2024-09-16,450371,29621682,65.561505,66.758975,64.463824,65.361927,-0.498946,560
2024-09-18,633079,41169719,64.763191,66.359819,63.166564,63.166564,-2.195363,597
2024-09-19,471719,30444038,63.565721,65.461716,63.166564,64.364035,1.197471,413
2024-09-20,257693,16593627,65.361927,65.860873,63.565721,63.565721,-0.798314,279
2024-09-23,1995375,138064865,64.96277,69.852441,64.264245,69.852441,6.28672,1103
2024-09-24,2502700,172584811,70.750544,70.750544,66.359819,66.858765,-2.993676,1914
2024-09-25,1658858,116308708,67.856657,71.548857,67.058343,69.054127,2.195362,1588
2024-09-26,928910,62615180,69.95223,69.95223,65.162348,65.162348,-3.891779,880
2024-09-27,1517829,104241198,66.559397,69.95223,65.461716,69.752651,4.590303,981
2024-09-30,6673022,489666237,70.251598,76.638106,69.553073,76.638106,6.885455,5102
2024-10-01,16281267,1308520641,76.837685,83.922718,74.94169,79.432204,2.794098,12449
2024-10-04,7142722,563226929,78.434312,82.825037,75.241058,75.640214,-3.79199,5472
2024-10-07,4623411,371343060,75.939582,83.124404,74.342955,83.124404,7.48419,3237
2024-10-08,8759013,774736570,83.822929,91.406908,83.523561,91.406908,8.282504,5622
2024-10-09,12152423,1097010106,93.203114,94.101217,85.519345,87.914286,-3.492622,8706
2024-10-11,5450885,477937374,86.617026,91.20733,84.521453,85.319767,-2.594519,4178
2024-10-14,4377329,369050033,84.621242,88.812389,80.330307,86.417448,1.097681,3550
2024-10-15,6335217,550238987,86.816605,93.801849,78.933258,82.326091,-4.091357,4987
2024-10-16,2360156,196996049,82.326091,84.721032,81.028831,83.423772,1.097681,2223
2024-10-17,2491448,207271767,84.820821,85.818713,80.330307,80.529885,-2.893887,2252
2024-10-18,1636297,133227892,81.22841,84.022507,79.332415,81.328199,0.798314,1319
2024-10-21,1379018,114610263,82.825037,84.721032,81.527777,82.126512,0.798313,1148
2024-10-22,1058195,87823037,83.323983,84.321875,81.527777,81.827145,-0.299367,983
2024-10-23,1157479,95762076,82.625458,83.822929,81.028831,82.026723,0.199578,974
2024-10-24,1184800,95684382,82.42588,82.42588,79.531993,79.631782,-2.394941,1093
2024-10-25,956927,76754233,80.330307,81.727356,78.63389,78.73368,-0.898102,758
2024-10-28,1848642,141276896,79.432204,79.432204,74.143376,77.336631,-1.397049,1255
2024-10-29,766720,58542393,78.833469,78.833469,74.742112,75.640214,-1.696417,917
2024-10-30,409088,30772355,76.638106,76.638106,74.542533,74.542533,-1.097681,407
2024-11-01,806538,59212270,73.844009,75.041479,71.648646,72.546749,-1.995784,692
2024-11-04,1795032,135579690,72.646538,79.033047,70.850333,75.839793,3.293044,1291
2024-11-05,944574,72615389,76.837685,78.334523,75.340847,76.438528,0.598735,843
2024-11-06,4012400,330562365,77.137052,84.022507,77.137052,80.829253,4.390725,2977
2024-11-07,3235287,268577018,81.827145,85.219978,79.93115,83.72314,2.893887,2423
2024-11-08,2847608,241586419,84.621242,86.716816,82.725248,85.219978,1.496838,2341
2024-11-11,2463341,212651856,84.721032,88.113864,82.825037,86.816605,1.596627,2288
2024-11-12,3004092,260053294,87.315551,88.812389,83.72314,84.321875,-2.49473,2673
2024-11-13,958206,80798730,84.521453,86.018291,82.924826,82.924826,-1.397049,824
2024-11-14,826898,68188614,83.323983,83.72314,81.12862,81.827145,-1.097681,954
2024-11-15,2498659,214642618,82.625458,88.313443,82.625458,82.625458,0.798313,2325
2024-11-18,1812910,144612357,83.423772,85.120188,76.737896,76.837685,-5.787773,1475
2024-11-19,2257301,187320156,76.837685,84.521453,76.039371,83.72314,6.885455,1747
2024-11-20,2023530,172395747,84.621242,87.115972,82.924826,83.72314,0.0,1717
2024-11-21,4981924,443993378,83.523561,91.706276,83.523561,88.413232,4.690092,4081
2024-11-22,3928452,357820839,89.91007,93.801849,88.313443,93.003535,4.590303,3193
2024-11-25,3910251,363744526,94.300795,96.097001,90.009859,90.608595,-2.39494,3919
2024-11-26,3262400,303180948,91.706276,95.198898,90.808173,91.20733,0.598735,2643
2024-11-27,7452277,718235924,92.504589,100.288147,91.007751,100.288147,9.080817,5205
2024-11-28,19188669,1883519181,99.689412,106.275499,90.309227,90.309227,-9.97892,12043
2024-11-29,12728091,1152877382,89.810281,93.801849,87.315551,87.814497,-2.49473,8832
2024-12-02,5116007,462198767,87.914286,92.803957,87.41534,91.107541,3.293044,3858
2024-12-03,6770019,654856374,93.302903,99.290255,93.302903,96.895314,5.787773,5762
2024-12-04,4428283,428339862,96.695736,98.591731,94.89953,96.296579,-0.598735,4462
2024-12-05,2475406,234939381,96.296579,97.194682,93.302903,94.799741,-1.496838,2330
2024-12-06,3118086,296287152,96.097001,96.496157,93.003535,94.799741,0.0,2691
2024-12-09,3267848,305073728,99.090677,99.090677,89.311335,92.604379,-2.195362,2632
2024-12-10,1657923,152239676,93.103325,94.400584,89.610702,90.808173,-1.796206,1348
2024-12-11,4603676,441511645,91.706276,99.090677,90.409016,95.298687,4.490514,3406
2024-12-12,2596690,249061052,96.296579,97.992995,93.801849,93.901638,-1.397049,2932
2024-12-13,2402426,228040069,93.801849,98.292363,91.905854,92.205222,-1.696416,2017
2024-12-16,1839235,168115417,92.704168,94.600163,88.7126,89.411124,-2.794098,1837
2024-12-17,1098415,98614798,90.608595,91.307119,88.313443,89.710492,0.299368,1475
2024-12-18,1427073,127983915,90.109648,91.905854,86.417448,90.409016,0.698524,2129
2024-12-19,1881425,168380025,89.411124,91.007751,87.016183,90.608595,0.199579,1654
2024-12-20,2573732,237002428,91.107541,95.897422,88.912178,89.211546,-1.397049,2213
2024-12-23,3458082,328144358,90.907962,96.995103,89.411124,94.300795,5.089249,2829
2024-12-24,2044590,190502173,95.099109,96.595947,90.608595,91.20733,-3.093465,2084
2024-12-25,1190983,110680090,92.4048,94.799741,90.608595,92.005643,0.798313,1055
2024-12-26,1864892,174540295,94.101217,95.797633,90.808173,91.406908,-0.598735,1558
2024-12-27,1020259,93081026,92.803957,93.302903,90.109648,90.209438,-1.19747,1085
2024-12-30,969605,86934609,91.706276,91.706276,88.313443,88.313443,-1.895995,783
2024-12-31,529920,47341157,89.411124,90.309227,88.014075,89.411124,1.097681,777
2025-01-02,744414,66715448,90.508805,91.606487,87.914286,88.413232,-0.997892,706
2025-01-03,1073383,93563274,88.014075,90.309227,84.92061,85.419556,-2.993676,1027
2025-01-06,1026581,90244695,87.41534,89.91007,85.020399,89.710492,4.290936,984
2025-01-07,638809,57310165,90.409016,90.907962,88.213654,89.411124,-0.299368,1025
2025-01-08,802843,72315041,88.313443,91.606487,87.515129,90.608595,1.197471,851
2025-01-09,911919,80720242,91.107541,91.606487,85.818713,86.816605,-3.79199,1121
2025-01-10,627863,54965941,87.614918,89.111756,85.918502,85.918502,-0.898103,811
2025-01-13,999944,82577265,86.716816,86.716816,80.929042,80.929042,-4.98946,1129
2025-01-14,263928,21352210,80.529885,81.527777,79.731572,81.527777,0.598735,501
2025-01-15,503561,40966984,82.725248,83.423772,79.93115,79.93115,-1.596627,543
2025-01-16,1636521,141687086,82.42588,87.914286,82.42588,87.914286,7.983136,1355
2025-01-17,4437090,402578013,91.107541,94.300795,86.21787,91.806065,3.891779,3604
2025-01-20,1369612,127333580,92.305011,93.901638,91.107541,93.801849,1.995784,1935
2025-01-21,2190495,209610267,93.801849,97.294471,93.502481,95.598055,1.796206,2317
2025-01-22,2613191,254806125,96.496157,98.791309,95.997211,97.194682,1.596627,3364
2025-02-03,2515735,226149510,93.103325,93.801849,87.515129,88.413232,-8.78145,2286
2025-02-04,1087370,96769774,89.411124,91.307119,86.11808,91.107541,2.694309,1004
2025-02-05,1487484,138698094,92.704168,94.600163,90.907962,94.101217,2.993676,1362
2025-02-06,4005209,410027868,94.999319,103.281823,94.999319,103.281823,9.180606,2470
2025-02-07,1556040,175997019,112.761797,113.260743,109.768121,113.260743,9.97892,863
2025-02-10,4899324,593943663,116.254419,124.237555,115.256527,124.237555,10.976812,3034
2025-02-11,2541364,343475153,136.212259,136.212259,131.721745,136.212259,11.974704,1712
2025-02-12,14083398,2041942781,142.698557,149.683801,133.218583,149.683801,13.471542,10181
2025-02-13,18731018,2966569041,157.666938,163.65429,150.681694,163.65429,13.970489,14147
2025-02-14,2045829,332737661,163.155344,168.144804,156.669046,166.14902,2.49473,2110
2025-02-17,1369062,226933094,159.163776,169.142696,159.163776,168.64375,2.49473,1453
2025-02-18,1204330,205478801,169.641642,173.63321,166.647966,168.64375,0.0,1330
2025-02-19,691806,126367481,174.132156,185.108968,174.132156,185.108968,16.465218,640
2025-02-20,849783,151465272,181.616346,181.616346,175.130048,176.626886,-8.482082,819
2025-02-21,1025757,189818162,186.10686,193.59105,172.136372,180.618454,3.991568,966
2025-02-24,355554,64390822,184.111076,184.111076,176.626886,179.620562,-0.997892,463
2025-02-25,499427,92174507,179.620562,187.603698,179.620562,181.616346,1.995784,532
2025-02-26,740898,128988222,178.123724,178.62267,170.140588,173.63321,-7.983136,732
2025-02-27,1070491,177237417,174.132156,174.132156,161.15956,163.65429,-9.97892,936
2025-03-03,621255,102738369,163.65429,169.142696,160.660614,168.64375,4.98946,625
2025-03-04,543295,93922883,165.650074,175.628994,165.650074,175.628994,6.985244,560
2025-03-05,446839,79876505,177.624778,181.1174,174.132156,174.132156,-1.496838,421
2025-03-06,1122797,184904504,170.639534,172.136372,160.660614,164.652182,-9.479974,884
2025-03-07,543805,88169556,162.157452,164.652182,158.66483,163.155344,-1.496838,529
2025-03-10,2210214,335183156,161.15956,161.15956,147.189071,147.189071,-15.966273,1807
2025-03-11,643470,85581510,132.719637,132.719637,132.719637,132.719637,-14.469434,725
2025-03-12,11376598,1399855651,124.736501,128.229123,119.747041,121.742825,-10.976812,7466
2025-03-13,3829395,500276093,125.235447,133.717529,125.235447,133.717529,11.974704,2575
2025-03-14,13574886,1749951902,134.715421,134.715421,121.243879,123.738609,-9.97892,12035
2025-03-17,3148056,396884198,124.237555,129.725961,122.241771,124.237555,0.498946,3499
2025-03-18,1328303,165023401,125.235447,126.732285,121.742825,122.241771,-1.995784,1294
2025-03-19,3018878,383338672,123.239663,131.222799,121.243879,127.730177,5.488406,2805
2025-03-20,3050209,419352299,129.227015,140.203827,129.227015,140.203827,12.47365,2222
2025-03-21,13211299,1828389384,144.195395,146.690125,129.227015,141.700665,1.496838,11577
2025-03-24,5702174,798753550,141.700665,144.195395,135.713313,138.208043,-3.492622,4569
2025-03-25,5063637,693458214,140.203827,142.698557,132.719637,133.717529,-4.490514,3959
2025-03-26,1933004,260644196,133.717529,136.711205,131.721745,136.212259,2.49473,2042
2025-03-27,2439798,322609334,133.218583,133.717529,128.728069,133.218583,-2.993676,2041
2025-03-28,2784690,363414152,131.721745,132.719637,127.231231,130.723853,-2.49473,2062
2025-03-31,2673601,323664963,122.241771,125.734393,117.751257,117.751257,-12.972596,2127
2025-04-01,2224005,262912910,120.245987,121.243879,114.258635,118.250203,0.498946,1831
2025-04-02,1849658,225220411,118.749149,124.736501,116.254419,121.742825,3.492622,1603
2025-04-07,42351,4658610,109.768121,109.768121,109.768121,109.768121,-11.974704,138
2025-04-08,953261,94842831,98.791309,101.784985,98.791309,98.791309,-10.976812,868
2025-04-09,1796366,164658743,90.808173,96.19679,88.912178,88.912178,-9.879131,2009
2025-04-10,96208,9428384,97.793417,97.793417,97.793417,97.793417,8.881239,110
2025-04-11,1871506,185169120,96.496157,104.778661,88.014075,104.778661,6.985244,2404
2025-04-14,2225475,247476676,109.768121,115.256527,106.774445,110.766013,5.987352,2157
2025-04-15,1557086,184303947,113.759689,121.742825,111.763905,121.742825,10.976812,1249
2025-04-16,4380638,518267324,123.738609,123.738609,113.260743,113.759689,-7.983136,5043
2025-04-17,3355587,388900871,114.757581,119.248095,111.264959,116.254419,2.49473,2590
2025-04-18,1663433,192632247,117.751257,118.749149,112.761797,116.254419,0.0,1962
2025-04-21,1260583,136750746,117.252311,117.252311,104.778661,104.778661,-11.475758,1559
2025-04-22,2831361,284212163,100.288147,106.774445,94.300795,94.300795,-10.477866,2854
2025-04-23,1853505,184623972,99.290255,103.281823,96.296579,96.296579,1.995784,2108
2025-04-24,1206008,116496826,97.793417,98.69152,94.400584,94.400584,-1.895995,1324
2025-04-25,1554447,153867088,98.791309,101.286039,96.097001,96.296579,1.895995,1750
2025-04-28,1576916,155109606,96.396368,100.288147,96.097001,97.294471,0.997892,1419
2025-04-29,1232692,123366998,97.793417,102.283931,97.194682,101.784985,4.490514,1238
2025-04-30,1446467,142924469,101.784985,102.283931,95.897422,96.496157,-5.288828,1429
2025-05-02,790564,78523783,99.290255,100.787093,97.494049,97.494049,0.997892,743
2025-05-05,1361974,126926543,99.290255,100.288147,88.812389,91.905854,-5.588195,1368
2025-05-06,535977,49613523,92.704168,93.602271,91.506697,92.105433,0.199579,904
2025-05-07,773068,70176474,93.502481,93.502481,89.311335,89.610702,-2.494731,751
2025-05-08,1825123,176190335,91.806065,98.491941,91.806065,98.491941,8.881239,3332
2025-05-09,6573155,670507716,99.789201,107.772337,96.595947,104.279715,5.787774,4964
2025-05-12,4035611,438104985,104.778661,113.759689,102.782877,111.264959,6.985244,3459
2025-05-13,3366043,370840249,114.757581,116.254419,105.776553,107.273391,-3.991568,3755
2025-05-14,3130159,345763338,108.770229,113.260743,107.772337,109.269175,1.995784,2676
2025-05-15,1650188,180671051,109.768121,112.262851,107.273391,109.269175,0.0,1368
2025-05-16,3563853,405723194,109.768121,119.747041,107.772337,116.254419,6.985244,2988
2025-05-19,11899127,1439492071,119.248095,125.734393,116.254419,117.252311,0.997892,9211
2025-05-20,3590810,419532259,119.747041,121.243879,114.258635,114.258635,-2.993676,2998
2025-05-21,1604773,180028478,113.759689,114.757581,110.766013,110.766013,-3.492622,1320
2025-05-22,1724707,190746506,110.766013,113.260743,107.273391,112.262851,1.496838,1518
2025-05-23,1678581,185388849,112.262851,113.260743,107.772337,111.264959,-0.997892,1444
2025-05-26,1028077,111722786,111.763905,111.763905,107.273391,107.772337,-3.492622,981
2025-05-27,1221267,129180293,110.267067,110.267067,101.784985,102.782877,-4.98946,1095
2025-05-28,941762,97952960,105.277607,105.776553,102.283931,102.283931,-0.498946,927
2025-05-29,668450,68788362,104.279715,104.279715,100.787093,102.283931,0.0,649
2025-06-02,1137045,112616646,102.782877,102.782877,97.294471,98.591731,-3.6922,949
2025-06-03,800235,80648892,100.288147,102.782877,99.489833,100.288147,1.696416,669
2025-06-04,613399,64010023,102.283931,105.277607,102.283931,105.277607,4.98946,830
2025-06-05,644819,66928075,105.277607,105.277607,101.286039,102.283931,-2.993676,623
2025-06-06,681108,71275467,103.780769,106.275499,101.286039,105.776553,3.492622,598
2025-06-09,1778230,177818881,102.782877,104.778661,98.092785,98.392152,-7.384401,1617
2025-06-10,1277012,129680567,98.791309,103.780769,98.791309,101.286039,2.893887,1033
2025-06-11,2366295,260191090,102.782877,111.264959,102.283931,111.264959,9.97892,1429
2025-06-12,4139879,465615490,112.262851,114.258635,110.267067,112.262851,0.997892,3318
2025-06-13,1114776,122048189,111.264959,112.262851,106.774445,106.774445,-5.488406,1062
2025-06-16,2838783,319815090,106.774445,115.755473,106.275499,111.763905,4.98946,2699
2025-06-17,2384995,270532540,113.759689,116.254419,110.267067,111.264959,-0.498946,2112
2025-06-18,1179683,131988215,111.763905,113.260743,110.267067,110.766013,-0.498946,1054
2025-06-19,1640669,182905599,110.766013,113.260743,108.770229,112.262851,1.496838,1374
2025-06-20,3036191,346719732,112.761797,117.252311,108.271283,115.755473,3.492622,2545
2025-06-23,3703991,433865200,113.260743,121.243879,111.763905,115.256527,-0.498946,3357
2025-06-24,7049141,865011235,116.254419,126.732285,116.254419,126.732285,11.475758,6525
2025-06-25,11289972,1469789363,126.732285,135.214367,124.237555,134.715421,7.983136,8682
2025-06-26,6522309,873411384,135.713313,137.210151,129.227015,132.719637,-1.995784,5031
2025-06-27,2487349,325316857,132.719637,133.717529,127.730177,132.719637,0.0,2081
2025-06-30,3722762,478922954,136.711205,136.711205,123.738609,126.233339,-6.486298,3376
2025-07-01,4049036,530465837,126.732285,135.214367,126.732285,127.231231,0.997892,3546
2025-07-02,1599949,200429120,125.734393,126.732285,123.239663,124.237555,-2.993676,1491
2025-07-03,1520716,190727771,125.235447,128.229123,122.740717,122.740717,-1.496838,1391
2025-07-04,5909356,764020169,122.740717,134.216475,122.241771,127.730177,4.98946,5773
2025-07-07,8920701,1202532145,128.728069,140.203827,122.241771,140.203827,12.47365,7408
2025-07-08,19445374,2744029623,140.702773,144.694341,136.711205,141.700665,1.496838,13539
2025-07-09,11895965,1785038147,140.702773,155.671154,138.208043,155.671154,13.970489,8040
2025-07-10,36959562,5926631332,159.662722,165.151128,154.174316,165.151128,9.479974,24590
2025-07-11,13532659,2147440246,165.650074,167.146912,149.184855,152.677478,-12.47365,10657
2025-07-14,5916558,894973161,153.176424,154.673262,147.688017,152.178532,-0.498946,4743
2025-07-15,12645027,1971366079,150.681694,159.662722,150.182747,154.673262,2.49473,10294
2025-07-16,4992364,777102602,155.172208,157.666938,152.178532,157.666938,2.993676,4141
2025-07-17,15143802,2507681662,159.662722,172.136372,158.165884,162.656398,4.98946,11878
2025-07-18,8231726,1350926374,164.652182,167.146912,158.165884,163.65429,0.997892,6704
2025-07-21,4469158,731333659,162.656398,167.146912,159.163776,162.656398,-0.997892,3755
2025-07-22,7803878,1244278854,165.151128,168.64375,150.182747,154.673262,-7.983136,6406
2025-07-23,3369630,512719201,155.671154,157.167992,147.688017,147.688017,-6.985245,3216
2025-07-24,2834735,426660267,149.683801,152.178532,148.186963,149.683801,1.995784,2344
2025-07-25,8200738,1294148493,149.683801,162.656398,147.189071,156.1701,6.486299,7308
2025-07-28,4660797,740393360,156.669046,161.658506,153.176424,161.658506,5.488406,4335
2025-07-29,8896766,1445068299,163.65429,167.146912,156.669046,162.157452,0.498946,7425
2025-07-30,2908731,468717392,161.15956,162.656398,158.66483,161.658506,-0.498946,2448
2025-07-31,7808259,1293311430,160.660614,171.637426,160.161668,161.15956,-0.498946,6575
2025-08-01,4270916,690724139,158.165884,166.14902,156.1701,159.662722,-1.496838,5240
2025-08-04,3195771,493512119,158.66483,160.660614,151.679586,152.178532,-7.48419,2909
2025-08-05,1975071,302359826,153.176424,156.669046,150.681694,150.681694,-1.496838,1825
2025-08-06,4582441,717068519,149.184855,159.662722,148.685909,155.671154,4.98946,3957
2025-08-07,10613881,1761315830,160.660614,171.13848,155.671154,171.13848,15.467326,7513
2025-08-08,11131850,1836052686,171.637426,175.130048,155.172208,157.666938,-13.471542,9278
2025-08-11,3660912,589568805,157.666938,163.155344,156.669046,163.155344,5.488406,3967
2025-08-12,12193507,2075135685,165.151128,175.130048,164.652182,169.641642,6.486298,9679
2025-08-13,5072784,845654972,171.637426,171.637426,161.15956,162.157452,-7.48419,8002
2025-08-14,4116524,682014853,164.153236,168.64375,161.658506,164.652182,2.49473,3688
2025-08-15,2446102,403455968,165.650074,167.146912,161.658506,164.153236,-0.498946,3795
2025-08-18,2211620,366710690,164.652182,167.645858,162.157452,166.14902,1.995784,1985
2025-08-19,2726678,442674887,167.645858,167.645858,158.66483,161.658506,-4.490514,3389
2025-08-20,2101389,325509896,158.66483,160.161668,151.679586,155.172208,-6.486298,2082
2025-08-21,1872090,297087385,155.671154,161.658506,155.671154,155.671154,0.498946,2431
2025-08-22,1358618,211963681,157.666938,159.662722,152.178532,152.677478,-2.993676,1912
2025-08-25,3104640,508261936,157.167992,166.14902,156.669046,163.65429,10.976812,5097
2025-08-26,2352991,391790659,163.155344,169.142696,162.157452,167.645858,3.991568,2286
2025-08-27,9618189,1718580971,171.637426,184.111076,168.144804,183.113184,15.467326,8827
2025-08-28,8858072,1561419856,185.607914,187.104752,168.64375,171.13848,-11.974704,9262
2025-08-29,4481620,831581294,179.620562,188.102644,178.62267,188.102644,16.964164,3420
2025-09-01,9041080,1636760584,190.098428,191.09632,170.140588,178.123724,-9.97892,8625
2025-09-02,3947120,686735793,181.1174,184.610022,166.647966,170.639534,-7.48419,3745
2025-09-03,1825675,310246299,171.13848,173.63321,167.146912,169.641642,-0.997892,3493
2025-09-04,2682972,457238165,170.639534,174.631102,166.647966,168.144804,-1.496838,3016
2025-09-05,3453764,607514472,171.13848,179.620562,171.13848,175.130048,6.985244,4725
2025-09-08,4079746,688752767,173.134264,173.63321,164.652182,166.14902,-8.981028,3783
2025-09-09,1482412,244849721,168.64375,169.142696,161.658506,162.656398,-3.492622,3963
2025-09-10,1139771,186067394,164.153236,165.151128,160.660614,161.15956,-1.496838,1451
2025-09-11,1421410,228331389,162.157452,164.153236,157.666938,158.66483,-2.49473,1962
2025-09-12,1286452,202219260,160.161668,162.157452,153.67537,155.671154,-2.993676,1714
2025-09-15,940225,145009567,156.1701,156.1701,150.182747,155.671154,0.0,1444
2025-09-16,1441840,230896539,157.167992,162.157452,156.669046,160.660614,4.98946,2646
2025-09-17,1363793,222345367,160.660614,166.647966,158.165884,161.658506,0.997892,1402
2025-09-18,1634096,265870739,161.658506,165.650074,159.163776,163.155344,1.496838,2020
2025-09-19,2062215,335361932,163.155344,165.650074,159.662722,162.157452,-0.997892,2156
2025-09-22,1261819,206805325,162.157452,165.650074,161.15956,163.65429,1.496838,1677
2025-09-23,1119702,181281725,163.65429,164.652182,159.662722,159.662722,-3.991568,1810
2025-09-24,1220948,194441119,159.662722,162.656398,155.671154,160.161668,0.498946,1192
2025-09-25,685453,108122682,158.165884,161.15956,155.172208,155.671154,-4.490514,1312
2025-09-26,1710485,253321561,155.671154,155.671154,144.195395,146.690125,-8.981029,2151
2025-09-30,497443,74487132,147.688017,151.18064,147.189071,150.681694,3.991569,1214
2025-10-01,549787,82485717,150.681694,152.178532,147.189071,150.182747,-0.498947,768
2025-10-02,708867,105261897,151.679586,151.679586,146.690125,146.690125,-3.492622,1109
2025-10-03,797363,119639151,147.688017,152.677478,145.692233,149.683801,2.993676,870
2025-10-07,448498,68107052,150.182747,153.176424,148.186963,152.677478,2.993677,496
2025-10-08,821182,126092158,155.172208,156.1701,150.182747,152.677478,0.0,828
2025-10-09,1043189,154920954,153.176424,154.174316,144.694341,144.694341,-7.983137,1144
2025-10-13,641092,90721098,137.709097,145.692233,136.711205,145.692233,0.997892,626
2025-10-14,723729,104863725,148.186963,151.679586,139.205935,139.205935,-6.486298,893
2025-10-15,593319,83297385,140.702773,142.698557,138.208043,140.702773,1.496838,884
2025-10-16,1010950,150126175,143.197503,151.18064,142.698557,146.690125,5.987352,1204
2025-10-17,497447,71755497,144.694341,147.189071,141.700665,142.199611,-4.490514,626
2025-10-20,1019236,150838984,143.197503,150.182747,143.197503,148.685909,6.486298,987
2025-10-21,1235358,187611879,149.184855,154.174316,146.690125,151.679586,2.993677,1213
2025-10-22,555951,83198461,152.677478,153.67537,147.189071,147.189071,-4.490515,879
2025-10-23,588956,84409863,144.694341,144.694341,141.201719,144.195395,-2.993676,672
2025-10-27,402824,58604065,147.189071,147.189071,142.698557,145.692233,1.496838,406
2025-10-28,1622018,245967522,148.186963,153.67537,145.692233,150.681694,4.989461,1894
2025-10-29,2921760,462504088,154.673262,162.656398,152.178532,159.163776,8.482082,3111
2025-10-30,2443976,385144702,161.658506,164.652182,152.178532,154.673262,-4.490514,2537
2025-10-31,2221636,354672954,154.174316,163.65429,153.176424,156.1701,1.496838,2274
2025-11-03,940477,145718714,156.669046,158.165884,152.677478,155.172208,-0.997892,1017
2025-11-04,918426,141646882,156.669046,158.165884,150.681694,152.178532,-2.993676,1168
2025-11-05,606015,90295369,149.683801,151.18064,145.692233,150.681694,-1.496838,774
2025-11-06,898301,139994335,152.677478,158.165884,150.681694,157.167992,6.486298,1074
2025-11-07,955506,147953133,155.172208,158.165884,150.182747,155.172208,-1.995784,1340
2025-11-10,2035207,328908928,158.66483,164.652182,155.172208,163.65429,8.482082,2053
2025-11-11,3408559,567052326,169.641642,170.639534,162.656398,164.652182,0.997892,3776
2025-11-12,1512659,244319623,163.155344,164.652182,158.66483,159.662722,-4.98946,2414
2025-11-13,3548532,598041309,160.660614,171.637426,159.163776,168.64375,8.981028,3714
2025-11-14,2472067,397054780,160.660614,164.652182,156.669046,159.163776,-9.479974,4285
2025-11-17,4278974,731227303,162.157452,174.631102,162.157452,173.134264,13.970488,4511
2025-11-18,6993720,1226326010,172.136372,181.1174,167.645858,170.639534,-2.49473,7000
2025-11-19,2020132,333272725,170.140588,171.13848,158.165884,159.662722,-10.976812,2287
2025-11-20,2722428,464584296,165.650074,175.628994,165.650074,166.647966,6.985244,2947
2025-11-21,2618209,407794493,162.656398,163.65429,150.182747,151.18064,-15.467326,2751
2025-11-24,1993969,314441632,153.176424,162.157452,152.178532,158.66483,7.48419,1812
2025-11-25,4546805,779377762,161.658506,174.132156,161.658506,174.132156,15.467326,5358
2025-11-26,6182150,1101516900,177.125832,184.610022,173.134264,176.626886,2.49473,6470
2025-11-27,7207881,1355771221,178.123724,194.089996,176.626886,194.089996,17.46311,8201
2025-11-28,17586869,3554004348,199.578402,208.55943,193.59105,206.0647,11.974704,18643
2025-12-01,4802017,977377760,203.56997,211.05416,197.582618,200.077348,-5.987352,4498
2025-12-02,4681057,888152728,199.079456,199.079456,185.108968,186.10686,-13.970488,4771
2025-12-03,3046088,615792540,196.584726,204.567862,195.087888,204.567862,18.461002,2368
2025-12-04,10788789,2248981809,208.060484,213.049944,201.574186,209.058376,4.490514,10429
2025-12-05,1219577,280502710,229.515162,229.515162,229.515162,229.515162,20.456786,971
2025-12-08,10051672,2315507103,242.487758,245.481434,217.540458,223.028864,-6.486298,9706
2025-12-09,8904216,2116387647,223.028864,244.982488,220.534134,244.982488,21.953624,9152
2025-12-10,16733071,4159449945,246.978272,257.456139,238.49619,245.98038,0.997892,14644
2025-12-11,10650583,2799980669,246.479326,270.428735,245.481434,270.428735,24.448355,9020
2025-12-12,16590889,4512064969,274.420303,277.413979,265.439275,269.430843,-0.997892,12395
2025-12-15,11502682,3277601655,269.430843,296.373927,267.934005,296.373927,26.943084,10537
2025-12-16,25768432,7745855512,299.367603,310.843361,288.390791,299.866549,3.492622,21729
2025-12-17,14044611,4167171425,297.870765,308.348631,287.392899,288.889737,-10.976812,12793
2025-12-18,11723531,3467477301,291.384467,303.359171,290.386575,292.382359,3.492622,10218
2025-12-19,12041671,3504396433,292.881305,296.373927,284.898169,293.380251,0.997892,10086
2025-12-22,1513580,437511839,287.392899,291.883413,283.900277,289.887629,-3.492622,2012
2025-12-23,1050988,307723008,290.386575,294.378143,287.392899,293.879197,3.991568,1249
2025-12-24,1333633,393960610,296.373927,298.369711,289.388683,294.378143,0.498946,1571
2025-12-26,1403767,428496983,298.369711,309.346523,296.373927,304.357063,9.97892,2038
2025-12-29,837270,250333067,306.352847,306.352847,294.378143,294.877089,-9.479974,1355
2025-12-30,1460958,446114251,292.881305,310.344415,287.392899,308.847577,13.970488,2099
2025-12-31,952044,297499428,310.344415,316.830713,309.346523,309.346523,0.498946,1393
2026-01-02,885172,274194824,313.338091,314.834929,302.361279,310.344415,0.997892,1330
2026-01-05,910909,279226517,314.834929,314.834929,302.361279,304.357063,-5.987352,1353
2026-01-06,1062522,318460266,305.354955,306.352847,291.384467,297.870765,-6.486298,1822
2026-01-07,7416028,2281953982,303.359171,320.822281,290.386575,295.376035,-2.49473,8209
2026-01-08,5374800,1568251034,292.382359,302.361279,280.906601,286.395007,-8.981028,7585
2026-01-09,3418551,992053956,283.900277,299.367603,281.405547,291.883413,5.488406,4382
2026-01-12,6134562,1895075523,298.369711,318.327551,296.373927,308.348631,16.465218,7356
2026-01-13,6632945,1972215713,318.327551,318.327551,284.898169,291.883413,-16.465218,9161
2026-01-14,4912593,1465302495,303.858117,307.350739,289.887629,292.382359,0.498946,6098
2026-01-15,3288223,968362986,289.887629,302.860225,285.397115,301.363387,8.981028,3671
2026-01-16,6850634,2128469627,309.346523,321.321227,301.363387,307.350739,5.987352,6984
2026-01-19,9207139,2979355667,317.329659,337.786445,305.853901,337.786445,30.435706,14144
2026-01-20,11059730,3969738031,339.283283,371.215828,337.786445,371.215828,33.429383,12062
2026-01-21,11024817,4168734371,371.215828,394.66629,362.2348,367.22426,-3.991568,11401
2026-01-22,7232663,2658696726,374.70845,381.194748,353.253772,357.24534,-9.97892,8271
2026-01-23,5185402,1778163299,357.24534,357.24534,333.295931,334.792769,-22.452571,7125
2026-01-26,4040635,1370492171,334.293823,350.260095,327.807525,329.304363,-5.488406,5065
2026-01-27,5334500,1892089691,338.285391,362.2348,337.786445,362.2348,32.930437,5229
2026-01-28,10579934,4083260196,374.209504,394.167344,372.21372,387.1821,24.9473,11494
2026-01-29,12822352,5166500587,391.672614,422.10832,381.693694,397.659966,10.477866,13734
2026-01-30,8403199,3299760046,389.177884,407.638886,378.700018,391.173668,-6.486298,9254
2026-02-02,5247870,2033045449,386.184208,400.653642,372.21372,383.190532,-7.983136,6168
2026-02-03,7211951,2881257582,402.15048,413.626238,387.1821,396.163128,12.972596,7613
2026-02-04,7955777,3232583843,395.664182,419.114644,392.17156,405.144156,8.981028,8674
2026-02-05,1152873,453637399,395.165236,402.15048,380.695802,384.68737,-20.456786,2212
2026-02-06,1228870,442671487,374.209504,374.209504,346.268527,366.725314,-17.962056,2115
2026-02-09,831071,326359693,391.173668,397.16102,379.198964,396.662074,29.93676,1557
2026-02-10,965741,392492668,406.142048,415.123076,397.659966,399.65575,2.993676,1994
2026-02-11,631202,253362008,400.154696,404.146264,396.163128,400.154696,0.498946,1430
2026-02-23,942949,386463183,410.133616,412.628346,404.64521,410.133616,9.97892,1668
2026-02-24,1245126,537098709,420.112536,444.061944,414.125184,441.068268,30.934652,2273
2026-02-25,1022091,446569445,452.045081,452.045081,424.104104,449.051404,7.983136,2264
2026-02-26,1299983,616563606,446.057728,493.956545,440.070376,488.967085,39.915681,2585
2026-03-02,1457785,751721306,473.998705,537.863793,472.501867,535.868009,46.900924,2665
2026-03-03,1742761,912894664,553.830066,562.811094,484.476571,498.946005,-36.922004,3550
2026-03-04,1405294,643357102,471.005029,472.501867,449.051404,449.051404,-49.894601,3415
2026-03-05,7135849,3196521616,477.990273,488.967085,419.61359,424.60305,-24.448354,10558
2026-03-06,6282990,2773947760,419.114644,463.520839,410.632562,427.596726,2.993676,7897
2026-03-09,2588115,1020953491,385.186316,412.628346,385.186316,411.630454,-15.966272,4485
2026-03-10,3997251,1785002750,446.057728,452.544027,429.093564,452.544027,40.913573,8060
2026-03-11,6768599,3248903395,473.998705,486.472355,470.007137,480.485003,27.940976,7924
2026-03-12,627419,289847522,463.520839,472.501867,451.047188,451.047188,-29.437815,1275
2026-03-13,462920,207060730,415.622022,463.021893,415.622022,463.021893,11.974705,783
2026-03-16,257139,118058482,477.491327,477.491327,449.051404,463.021893,0.0,675
2026-03-17,776949,335354858,464.019785,464.019785,417.11886,423.605158,-39.416735,1900
2026-03-18,448837,195544124,433.085132,448.053512,419.114644,448.053512,24.448354,880
2026-03-19,369491,169839474,444.061944,461.026109,444.061944,461.026109,12.972597,797
2026-03-20,522574,249686457,483.478679,483.478679,469.009245,475.495543,14.469434,1004
2026-03-23,403427,177166875,431.089348,459.030325,429.093564,438.074592,-37.420951,942
2026-03-24,460204,205210897,453.541919,454.040865,431.089348,434.58197,-3.492622,819
2026-03-25,439107,210045121,469.508191,477.990273,469.508191,477.990273,43.408303,1000
2026-03-26,5705987,2953933730,496.950221,524.891197,494.954437,524.891197,46.900924,7212
2026-03-27,9674554,5225552320,504.933357,576.781582,496.950221,576.781582,51.890385,10776
2026-03-30,13939527,8457587076,586.760502,633.661426,578.777366,633.661426,56.879844,15348
2026-03-31,7824615,4625035219,607.716234,621.686722,570.79423,570.79423,-62.867196,10850
2026-04-01,1063700,622199082,578.777366,597.737314,574.785798,578.777366,7.983136,1661
2026-04-02,670307,386084641,578.777366,597.737314,562.811094,562.811094,-15.966272,1290
2026-04-07,709468,425855796,592.747854,605.72045,585.76261,600.73099,37.919896,1373
2026-04-08,726990,462400815,639.648778,643.640346,623.682506,643.640346,42.909356,1458
2026-04-09,430045,274140372,638.650886,651.623482,619.690938,619.690938,-23.949408,1435
2026-04-10,519287,329025212,638.650886,650.62559,606.718342,645.63613,25.945192,1269
2026-04-13,460481,305099745,635.65721,676.570783,635.65721,676.570783,30.934653,1118
2026-04-14,541467,368349863,697.526515,698.524407,652.621375,694.532839,17.962056,1300
2026-04-15,353826,247862888,698.524407,708.503327,678.566567,678.566567,-15.966272,1167
2026-04-16,327932,226832056,709.501219,709.501219,669.585539,696.528623,17.962056,877
2026-04-17,612207,464762142,708.503327,765.383172,708.503327,765.383172,68.854549,1161
2026-04-20,358198,301958878,841.222964,841.222964,841.222964,841.222964,75.839792,769
2026-04-21,3530252,3151502279,898.102809,925.045893,844.21664,870.161833,28.938869,7491
2026-04-22,3598771,3296165535,885.130213,956.978438,865.172373,865.172373,-4.98946,8063
2026-04-23,4930704,4330618223,925.045893,947.997409,798.313608,833.239828,-31.932545,9828
2026-04-24,6336229,5115408905,841.222964,886.128105,750.414791,761.391604,-71.848224,12696
2026-04-27,703108,487708232,723.471707,723.471707,685.551811,685.551811,-75.839793,2931
2026-04-28,508693,362620397,674.574999,753.408468,674.574999,753.408468,67.856657,1300
2026-04-29,249643,189856381,738.440087,773.366308,738.440087,755.404252,1.995784,848
2026-04-30,272324,215014642,773.366308,797.315716,773.366308,789.33258,33.928328,1036
2026-05-04,215581,176054381,829.24826,829.24826,798.313608,813.281988,23.949408,855
2026-05-05,213770,175668846,818.271448,827.252476,812.284096,812.284096,-0.997892,901
2026-05-06,468252,355658078,817.273556,817.273556,731.454843,798.313608,-13.970488,1537
2026-05-07,402450,305528307,797.315716,797.315716,743.429547,748.419007,-49.894601,1365
2026-05-08,544944,381506945,697.526515,728.461167,686.549703,686.549703,-61.869304,1953
2026-05-11,417725,294711548,716.486463,721.475923,673.577107,721.475923,34.92622,1011
2026-05-12,2720928,2126394901,785.341012,793.324148,748.419007,793.324148,71.848225,4306
2026-05-13,4245091,3392067068,773.366308,828.250368,752.410576,752.410576,-40.913572,7027
2026-05-14,3925109,3141636414,793.324148,827.252476,761.391604,781.349444,28.938868,7296
2026-05-15,2775061,2051630815,783.345228,785.341012,703.513867,703.513867,-77.835577,7432
2026-05-18,2244979,1603625749,686.549703,735.446411,674.574999,714.490679,10.976812,3536
2026-05-19,645688,426190013,704.511759,704.511759,643.640346,643.640346,-70.850333,1709
2026-05-20,342766,234360551,632.663534,698.524407,632.663534,698.524407,54.884061,835
2026-05-21,216650,154624700,689.543379,717.484355,689.543379,716.486463,17.962056,627
2026-05-22,249768,184109028,756.402144,756.402144,723.471707,731.454843,14.96838,741
2026-05-25,332371,251379635,764.38528,764.38528,743.429547,743.429547,11.974704,939
2026-05-26,273408,203314217,748.419007,763.387388,714.490679,763.387388,19.957841,1146
2026-05-27,289950,214268138,777.357876,780.351552,697.526515,742.431655,-20.955733,1354
2026-05-28,303565,216421473,738.440087,738.440087,693.534947,709.501219,-32.930436,1329
2026-05-29,240591,176615442,736.444303,748.419007,713.492787,748.419007,38.917788,689
2026-06-01,378410,294141540,747.421115,787.336796,747.421115,787.336796,38.917789,1170
2026-06-02,3315744,2582845984,813.281988,831.244044,709.501219,709.501219,-77.835577,6605
2026-06-03,1832012,1356244458,739.437979,774.3642,713.492787,714.490679,4.98946,3767
2026-06-04,1182056,807660487,686.549703,702.515975,663.598187,674.574999,-39.91568,3991
2026-06-05,1538907,1037836589,678.566567,701.518083,638.650886,668.587647,-5.987352,3334
2026-06-08,1193350,723465798,601.728882,619.690938,601.728882,601.728882,-66.858765,3123
2026-06-09,1543756,938505017,611.707802,626.676182,582.768934,605.72045,3.991568,2886
2026-06-10,2214327,1252526870,591.749962,592.747854,545.846929,545.846929,-59.873521,4985
2026-06-11,1926313,999836134,539.859577,549.838497,492.958653,516.908061,-28.938868,3518
2026-06-12,1011212,540737601,553.830066,553.830066,519.901737,536.865901,19.95784,1917
2026-06-15,764681,418930273,557.821634,563.808986,534.870117,549.838497,12.972596,1945
2026-06-16,1600530,904718552,562.811094,588.756286,544.849037,545.846929,-3.991568,2741
2026-06-17,998375,528800376,529.880657,546.844821,518.903845,524.891197,-20.955732,2620
2026-06-18,1449047,811652765,526.886981,576.781582,514.912277,576.781582,51.890385,2597
2026-06-22,1664271,966052673,603.724666,608.714126,563.808986,569.796338,-6.985244,3275
2026-06-23,1322668,745215673,579.775258,593.745746,537.863793,538.861685,-30.934653,2692
2026-06-24,809908,427052483,529.880657,539.859577,514.912277,524.891197,-13.970488,2063
2026-06-25,704896,371500164,540.857469,543.851145,510.920709,516.908061,-7.983136,1444
2026-06-26,1332655,658462111,512.916493,522.895413,475.495543,475.495543,-41.412518,3001
2026-06-29,794362,376744044,476.493435,485.973409,466.514515,473.000813,-2.49473,1578
2026-06-30,603347,295247876,490.463923,493.457599,480.485003,489.964977,16.964164,1209
2026-07-01,773122,371989969,493.457599,493.457599,470.007137,471.503975,-18.461002,1752
2026-07-02,485283,228369319,464.019785,478.988165,455.537703,478.988165,7.48419,1017
2026-07-03,1254108,622863014,471.005029,505.931249,466.015569,496.950221,17.962056,2372
2026-07-06,696795,336539015,506.929141,506.929141,466.514515,472.002921,-24.9473,1746
2026-07-07,1150599,535475434,478.988165,503.935465,432.586186,442.565106,-29.437815,2257
2026-07-08,1116218,489929276,438.573538,458.032433,424.60305,436.577754,-5.987352,1972
2026-07-09,670280,288524760,441.068268,442.06616,419.61359,420.112536,-16.465218,1726
2026-07-13,1006975,431301196,425.101996,442.06616,415.123076,427.09778,6.985244,1458
2026-07-14,1328806,528176486,427.09778,438.074592,384.68737,397.16102,-29.93676,2233
2026-07-15,585697,245837492,412.1294,427.09778,406.142048,423.605158,26.444138,1170
2026-07-16,387263,160346981,421.609374,421.609374,405.144156,415.622022,-7.983136,758
2026-07-17,762968,292347300,409.63467,409.63467,374.209504,374.209504,-41.412518,1631
2026-07-20,893903,325566805,379.198964,380.196856,336.788553,366.226368,-7.983136,1497
2026-07-21,791565,310958489,381.194748,402.649426,378.201072,402.649426,36.423058,2030
2026-07-22,1111545,475802988,418.615698,439.57143,416.120968,418.116752,15.467326,2010
2026-07-23,1313823,564193240,421.110428,444.061944,412.628346,415.123076,-2.993676,1986
2026-07-24,1775424,752936033,409.63467,443.562998,399.156804,401.152588,-13.970488,2566
2026-07-27,1164027,488920716,402.5,440.0,388.5,433.0,31.847412,1866
2026-07-28,1489229,604256669,411.5,425.5,390.0,390.0,-43.0,2386
2026-07-29,1044110,381550792,397.0,399.0,351.0,351.0,-39.0,1818
2026-07-30,1433728,476688262,316.0,358.0,316.0,316.0,-35.0,1890
2026-07-31,361791,125620849,347.5,347.5,340.5,347.5,31.5,489
2026-08-03,340431,129099142,374.0,382.0,374.0,382.0,34.5,318
2026-08-04,327444,137516480,420.0,420.0,416.5,420.0,38.0,418
2026-08-05,213648,98705376,462.0,462.0,462.0,462.0,42.0,439
2026-08-06,4512742,2213127828,465.0,508.0,459.0,480.0,18.0,7236
2026-08-07,2871919,1362534434,499.0,499.0,450.0,460.5,-19.5,5013
2026-08-10,2714336,1342101800,479.0,505.0,470.0,502.0,41.5,4564
2026-08-11,896920,422846194,478.0,485.0,462.0,465.0,-37.0,2197
2026-08-12,629672,308645569,478.0,500.0,475.0,500.0,35.0,1789
2026-08-13,733739,368704097,535.0,535.0,489.5,494.0,-6.0,1819
2026-08-14,443149,212393520,484.5,487.0,473.0,480.0,-14.0,1333
