date,source,market,stock_id,available_volume,susp_margin_short,susp_sbl_short,no_below_flat
2026-09-19,TWT96U,twse,00400A,10735321,,,
2026-09-19,TWT96U,tpex,00411A,6085154,,,
2026-09-19,TWT96U,twse,00401A,1987401,,,
2026-09-19,TWT96U,tpex,006201,60027,,,
2026-09-19,TWT96U,twse,00402A,1239215,,,
2026-09-19,TWT96U,tpex,00679B,5249643,,,
2026-09-19,TWT96U,twse,00403A,60239093,,,
2026-09-19,TWT96U,tpex,00687B,3796126,,,
2026-09-19,TWT96U,twse,00404A,3523256,,,
2026-09-19,TWT96U,tpex,00694B,76322,,,
2026-09-19,TWT96U,twse,00405A,19217766,,,
2026-09-19,TWT96U,tpex,00695B,119643,,,
2026-09-19,TWT96U,twse,00406A,51658506,,,
2026-09-19,TWT96U,tpex,00696B,580252,,,
2026-09-19,TWT96U,twse,00407A,14342010,,,
2026-09-19,TWT96U,tpex,00697B,121416,,,
2026-09-19,TWT96U,twse,00408A,538525,,,
2026-09-19,TWT96U,tpex,00719B,593415,,,
2026-09-19,TWT96U,twse,00409A,9457626,,,
2026-09-19,TWT96U,tpex,00720B,1278361,,,
2026-09-19,TWT96U,twse,00410A,2329741,,,
2026-09-19,TWT96U,tpex,00722B,990626,,,
2026-09-19,TWT96U,twse,0050,21150435,,,
2026-09-19,TWT96U,tpex,00723B,52207,,,
2026-09-19,TWT96U,twse,0051,14806,,,
2026-09-19,TWT96U,tpex,00724B,1172903,,,
2026-09-19,TWT96U,twse,0052,4402686,,,
2026-09-19,TWT96U,tpex,00725B,768410,,,
2026-09-19,TWT96U,twse,0053,25234,,,
2026-09-19,TWT96U,tpex,00726B,54607,,,
2026-09-19,TWT96U,twse,0055,163698,,,
2026-09-19,TWT96U,tpex,00727B,50705,,,
2026-09-19,TWT96U,twse,0056,8345651,,,
2026-09-19,TWT96U,tpex,00734B,36648,,,
2026-09-19,TWT96U,twse,0057,6706,,,
2026-09-19,TWT96U,tpex,00740B,464212,,,
2026-09-19,TWT96U,twse,0061,36230,,,
2026-09-19,TWT96U,tpex,00741B,35568,,,
2026-09-19,TWT96U,twse,006203,4338,,,
2026-09-19,TWT96U,tpex,00746B,123720,,,
2026-09-19,TWT96U,twse,006204,7080,,,
2026-09-19,TWT96U,tpex,00749B,35519,,,
2026-09-19,TWT96U,twse,006205,74284,,,
2026-09-19,TWT96U,tpex,00750B,34784,,,
2026-09-19,TWT96U,twse,006206,11589,,,
2026-09-19,TWT96U,tpex,00751B,1369452,,,
2026-09-19,TWT96U,twse,006207,46244,,,
2026-09-19,TWT96U,tpex,00754B,38384,,,
2026-09-19,TWT96U,twse,006208,657226,,,
2026-09-19,TWT96U,tpex,00755B,36043,,,
2026-09-19,TWT96U,twse,00631L,49826258,,,
2026-09-19,TWT96U,tpex,00756B,57647,,,
2026-09-19,TWT96U,twse,00632R,41987810,,,
2026-09-19,TWT96U,tpex,00758B,30308,,,
2026-09-19,TWT96U,twse,00633L,599638,,,
2026-09-19,TWT96U,tpex,00759B,30374,,,
2026-09-19,TWT96U,twse,00634R,175768,,,
2026-09-19,TWT96U,tpex,00760B,32347,,,
2026-09-19,TWT96U,twse,00635U,1317258,,,
2026-09-19,TWT96U,tpex,00761B,83951,,,
2026-09-19,TWT96U,twse,00636,111981,,,
2026-09-19,TWT96U,tpex,00764B,1748219,,,
2026-09-19,TWT96U,twse,00637L,4957430,,,
2026-09-19,TWT96U,tpex,00768B,163749,,,
2026-09-19,TWT96U,twse,00638R,37295,,,
2026-09-19,TWT96U,tpex,00772B,522825,,,
2026-09-19,TWT96U,twse,00639,175338,,,
2026-09-19,TWT96U,tpex,00773B,355617,,,
2026-09-19,TWT96U,twse,00640L,26393,,,
2026-09-19,TWT96U,tpex,00777B,34134,,,
2026-09-19,TWT96U,twse,00641R,402924,,,
2026-09-19,TWT96U,tpex,00778B,30508,,,
2026-09-19,TWT96U,twse,00642U,731510,,,
2026-09-19,TWT96U,tpex,00779B,98309,,,
2026-09-19,TWT96U,twse,00643,753572,,,
2026-09-19,TWT96U,tpex,00780B,43360,,,
2026-09-19,TWT96U,twse,00645,40082,,,
2026-09-19,TWT96U,tpex,00781B,53619,,,
2026-09-19,TWT96U,twse,00646,824962,,,
2026-09-19,TWT96U,tpex,00782B,64193,,,
2026-09-19,TWT96U,twse,00647L,14076,,,
2026-09-19,TWT96U,tpex,00785B,21492,,,
2026-09-19,TWT96U,twse,00648R,256052,,,
2026-09-19,TWT96U,tpex,00786B,12439,,,
2026-09-19,TWT96U,twse,00650L,580912,,,
2026-09-19,TWT96U,tpex,00787B,6317,,,
2026-09-19,TWT96U,twse,00651R,61912,,,
2026-09-19,TWT96U,tpex,00788B,9193,,,
2026-09-19,TWT96U,twse,00652,60633,,,
2026-09-19,TWT96U,tpex,00789B,35283,,,
2026-09-19,TWT96U,twse,00653L,38596,,,
2026-09-19,TWT96U,tpex,00791B,31886,,,
2026-09-19,TWT96U,twse,00654R,12113,,,
2026-09-19,TWT96U,tpex,00792B,42660,,,
2026-09-19,TWT96U,twse,00655L,260379,,,
2026-09-19,TWT96U,tpex,00795B,1500272,,,
2026-09-19,TWT96U,twse,00656R,123182,,,
2026-09-19,TWT96U,tpex,00799B,69416,,,
2026-09-19,TWT96U,twse,00657,30108,,,
2026-09-19,TWT96U,tpex,00834B,33127,,,
2026-09-19,TWT96U,twse,00660,7517,,,
2026-09-19,TWT96U,tpex,00836B,18193,,,
2026-09-19,TWT96U,twse,00661,27327,,,
2026-09-19,TWT96U,tpex,00840B,30152,,,
2026-09-19,TWT96U,twse,00662,826512,,,
2026-09-19,TWT96U,tpex,00841B,30145,,,
2026-09-19,TWT96U,twse,00663L,1683561,,,
2026-09-19,TWT96U,tpex,00842B,89726,,,
2026-09-19,TWT96U,twse,00664R,6807112,,,
2026-09-19,TWT96U,tpex,00844B,28652,,,
2026-09-19,TWT96U,twse,00665L,3048158,,,
2026-09-19,TWT96U,tpex,00845B,38240,,,
2026-09-19,TWT96U,twse,00666R,64436,,,
2026-09-19,TWT96U,tpex,00846B,31071,,,
2026-09-19,TWT96U,twse,00668,35561,,,
2026-09-19,TWT96U,tpex,00848B,95575,,,
2026-09-19,TWT96U,twse,00669R,199631,,,
2026-09-19,TWT96U,tpex,00849B,98499,,,
2026-09-19,TWT96U,twse,00670L,164134,,,
2026-09-19,TWT96U,tpex,00853B,309472,,,
2026-09-19,TWT96U,twse,00671R,1030819,,,
2026-09-19,TWT96U,tpex,00856B,6669,,,
2026-09-19,TWT96U,twse,00673R,9551947,,,
2026-09-19,TWT96U,tpex,00857B,317674,,,
2026-09-19,TWT96U,twse,00674R,72979,,,
2026-09-19,TWT96U,tpex,00858,102707,,,
2026-09-19,TWT96U,twse,00675L,334173,,,
2026-09-19,TWT96U,tpex,00859B,829720,,,
2026-09-19,TWT96U,twse,00676R,2054599,,,
2026-09-19,TWT96U,tpex,00860B,33999,,,
2026-09-19,TWT96U,twse,00678,130836,,,
2026-09-19,TWT96U,tpex,00862B,107632,,,
2026-09-19,TWT96U,twse,00680L,3222209,,,
2026-09-19,TWT96U,tpex,00863B,110771,,,
2026-09-19,TWT96U,twse,00681R,46736,,,
2026-09-19,TWT96U,tpex,00864B,350711,,,
2026-09-19,TWT96U,twse,00682U,895,,,
2026-09-19,TWT96U,tpex,00867B,9353,,,
2026-09-19,TWT96U,twse,00683L,26155,,,
2026-09-19,TWT96U,tpex,00870B,5043,,,
2026-09-19,TWT96U,twse,00684R,12651,,,
2026-09-19,TWT96U,tpex,00877,830401,,,
2026-09-19,TWT96U,twse,00685L,63704085,,,
2026-09-19,TWT96U,tpex,00884B,96958,,,
2026-09-19,TWT96U,twse,00686R,2676966,,,
2026-09-19,TWT96U,tpex,00886,8116,,,
2026-09-19,TWT96U,twse,00688L,1160068,,,
2026-09-19,TWT96U,tpex,00887,1441639,,,
2026-09-19,TWT96U,twse,00689R,53901,,,
2026-09-19,TWT96U,tpex,00888,1833494,,,
2026-09-19,TWT96U,twse,00690,96444,,,
2026-09-19,TWT96U,tpex,00890B,32369,,,
2026-09-19,TWT96U,twse,00692,181130,,,
2026-09-19,TWT96U,tpex,00928,198264,,,
2026-09-19,TWT96U,twse,00693U,323395,,,
2026-09-19,TWT96U,tpex,00931B,770055,,,
2026-09-19,TWT96U,twse,00700,48001,,,
2026-09-19,TWT96U,tpex,00933B,2440053,,,
2026-09-19,TWT96U,twse,00701,217072,,,
2026-09-19,TWT96U,tpex,00937B,13485039,,,
2026-09-19,TWT96U,twse,00702,25289,,,
2026-09-19,TWT96U,tpex,00942B,359546,,,
2026-09-19,TWT96U,twse,00703,9375,,,
2026-09-19,TWT96U,tpex,00948B,1032096,,,
2026-09-19,TWT96U,twse,00706L,277224,,,
2026-09-19,TWT96U,tpex,00950B,860948,,,
2026-09-19,TWT96U,twse,00707R,751,,,
2026-09-19,TWT96U,tpex,00955,1307241,,,
2026-09-19,TWT96U,twse,00708L,1730194,,,
2026-09-19,TWT96U,tpex,00957B,78540,,,
2026-09-19,TWT96U,twse,00709,21646,,,
2026-09-19,TWT96U,tpex,00958B,179009,,,
2026-09-19,TWT96U,twse,00710B,70161,,,
2026-09-19,TWT96U,tpex,00959B,357753,,,
2026-09-19,TWT96U,twse,00711B,33854,,,
2026-09-19,TWT96U,tpex,00966B,275754,,,
2026-09-19,TWT96U,twse,00712,12574942,,,
2026-09-19,TWT96U,tpex,00967B,169642,,,
2026-09-19,TWT96U,twse,00713,1435110,,,
2026-09-19,TWT96U,tpex,00968B,496047,,,
2026-09-19,TWT96U,twse,00714,65641,,,
2026-09-19,TWT96U,tpex,00969B,235635,,,
2026-09-19,TWT96U,twse,00715L,1885315,,,
2026-09-19,TWT96U,tpex,00970B,444152,,,
2026-09-19,TWT96U,twse,00717,44060,,,
2026-09-19,TWT96U,tpex,009806,23009,,,
2026-09-19,TWT96U,twse,00728,102466,,,
2026-09-19,TWT96U,tpex,009807,17416,,,
2026-09-19,TWT96U,twse,00730,32164,,,
2026-09-19,TWT96U,tpex,00980B,145792,,,
2026-09-19,TWT96U,twse,00731,187749,,,
2026-09-19,TWT96U,tpex,00980D,185606,,,
2026-09-19,TWT96U,twse,00733,104225,,,
2026-09-19,TWT96U,tpex,00980T,147662,,,
2026-09-19,TWT96U,twse,00735,584344,,,
2026-09-19,TWT96U,tpex,009814,281931,,,
2026-09-19,TWT96U,twse,00736,31478,,,
2026-09-19,TWT96U,tpex,009815,513469,,,
2026-09-19,TWT96U,twse,00737,37330,,,
2026-09-19,TWT96U,tpex,00981B,3835610,,,
2026-09-19,TWT96U,twse,00738U,1151664,,,
2026-09-19,TWT96U,tpex,00981D,1013033,,,
2026-09-19,TWT96U,twse,00739,12747,,,
2026-09-19,TWT96U,tpex,009822,353634,,,
2026-09-19,TWT96U,twse,00752,269262,,,
2026-09-19,TWT96U,tpex,009823,780989,,,
2026-09-19,TWT96U,twse,00753L,2486456,,,
2026-09-19,TWT96U,tpex,009825,642964,,,
2026-09-19,TWT96U,twse,00757,287981,,,
2026-09-19,TWT96U,tpex,00982B,30291,,,
2026-09-19,TWT96U,twse,00762,51905,,,
2026-09-19,TWT96U,tpex,00983B,127500,,,
2026-09-19,TWT96U,twse,00763U,132552,,,
2026-09-19,TWT96U,tpex,00984B,276554,,,
2026-09-19,TWT96U,twse,00770,221775,,,
2026-09-19,TWT96U,tpex,00985D,397886,,,
2026-09-19,TWT96U,twse,00771,8228,,,
2026-09-19,TWT96U,tpex,00986B,30473,,,
2026-09-19,TWT96U,twse,00775B,29652,,,
2026-09-19,TWT96U,tpex,00986D,241719,,,
2026-09-19,TWT96U,twse,00783,20080,,,
2026-09-19,TWT96U,tpex,00987B,177939,,,
2026-09-19,TWT96U,twse,00830,1834015,,,
2026-09-19,TWT96U,tpex,00987D,1702890,,,
2026-09-19,TWT96U,twse,00850,192063,,,
2026-09-19,TWT96U,tpex,00988B,707031,,,
2026-09-19,TWT96U,twse,00851,9829,,,
2026-09-19,TWT96U,tpex,00989B,1262070,,,
2026-09-19,TWT96U,twse,00852L,35640,,,
2026-09-19,TWT96U,tpex,00990B,436877,,,
2026-09-19,TWT96U,twse,00861,24660,,,
2026-09-19,TWT96U,tpex,00998A,1375752,,,
2026-09-19,TWT96U,twse,00865B,749969,,,
2026-09-19,TWT96U,tpex,1240,4061,,,
2026-09-19,TWT96U,twse,00875,79283,,,
2026-09-19,TWT96U,tpex,1259,7292,,,
2026-09-19,TWT96U,twse,00876,60903,,,
2026-09-19,TWT96U,tpex,1264,8559,,,
2026-09-19,TWT96U,twse,00878,13332173,,,
2026-09-19,TWT96U,tpex,1268,13133,,,
2026-09-19,TWT96U,twse,00881,10031037,,,
2026-09-19,TWT96U,tpex,1294,6263,,,
2026-09-19,TWT96U,twse,00882,1092805,,,
2026-09-19,TWT96U,tpex,1295,9864,,,
2026-09-19,TWT96U,twse,00885,629223,,,
2026-09-19,TWT96U,tpex,1336,164529,,,
2026-09-19,TWT96U,twse,00891,5137204,,,
2026-09-19,TWT96U,tpex,1565,34413,,,
2026-09-19,TWT96U,twse,00892,1234363,,,
2026-09-19,TWT96U,tpex,1569,193155,,,
2026-09-19,TWT96U,twse,00893,152795,,,
2026-09-19,TWT96U,tpex,1570,11344,,,
2026-09-19,TWT96U,twse,00894,413157,,,
2026-09-19,TWT96U,tpex,1580,36753,,,
2026-09-19,TWT96U,twse,00895,85719,,,
2026-09-19,TWT96U,tpex,1584,107203,,,
2026-09-19,TWT96U,twse,00896,2231652,,,
2026-09-19,TWT96U,tpex,1586,115900,,,
2026-09-19,TWT96U,twse,00897,311733,,,
2026-09-19,TWT96U,tpex,1591,89661,,,
2026-09-19,TWT96U,twse,00898,437674,,,
2026-09-19,TWT96U,tpex,1593,6526,,,
2026-09-19,TWT96U,twse,00899,10506,,,
2026-09-19,TWT96U,tpex,1595,102015,,,
2026-09-19,TWT96U,twse,00900,1622475,,,
2026-09-19,TWT96U,tpex,1599,6653,,,
2026-09-19,TWT96U,twse,00901,79077,,,
2026-09-19,TWT96U,tpex,1742,20719,,,
2026-09-19,TWT96U,twse,00902,189056,,,
2026-09-19,TWT96U,tpex,1777,12577,,,
2026-09-19,TWT96U,twse,00903,53118,,,
2026-09-19,TWT96U,tpex,1781,5080,,,
2026-09-19,TWT96U,twse,00904,249286,,,
2026-09-19,TWT96U,tpex,1784,19784,,,
2026-09-19,TWT96U,twse,00905,273187,,,
2026-09-19,TWT96U,tpex,1785,1519690,,,
2026-09-19,TWT96U,twse,00907,267998,,,
2026-09-19,TWT96U,tpex,1788,5537,,,
2026-09-19,TWT96U,twse,00908,33650,,,
2026-09-19,TWT96U,tpex,1796,4481,,,
2026-09-19,TWT96U,twse,00909,384808,,,
2026-09-19,TWT96U,tpex,1813,5837,,,
2026-09-19,TWT96U,twse,00910,209245,,,
2026-09-19,TWT96U,tpex,1815,18870497,,,
2026-09-19,TWT96U,twse,00911,114416,,,
2026-09-19,TWT96U,tpex,2061,632139,,,
2026-09-19,TWT96U,twse,00912,91294,,,
2026-09-19,TWT96U,tpex,2063,8643,,,
2026-09-19,TWT96U,twse,00913,403572,,,
2026-09-19,TWT96U,tpex,2064,37672,,,
2026-09-19,TWT96U,twse,00915,587558,,,
2026-09-19,TWT96U,tpex,2065,22687,,,
2026-09-19,TWT96U,twse,00916,159774,,,
2026-09-19,TWT96U,tpex,2066,26080,,,
2026-09-19,TWT96U,twse,00917,192914,,,
2026-09-19,TWT96U,tpex,2070,97649,,,
2026-09-19,TWT96U,twse,00918,15108839,,,
2026-09-19,TWT96U,tpex,2221,1010892,,,
2026-09-19,TWT96U,twse,00919,24838587,,,
2026-09-19,TWT96U,tpex,2230,27231,,,
2026-09-19,TWT96U,twse,00920,71859,,,
2026-09-19,TWT96U,tpex,2235,2304,,,
2026-09-19,TWT96U,twse,00921,131836,,,
2026-09-19,TWT96U,tpex,2596,34914,,,
2026-09-19,TWT96U,twse,00922,2098226,,,
2026-09-19,TWT96U,tpex,2640,9901,,,
2026-09-19,TWT96U,twse,00923,2255743,,,
2026-09-19,TWT96U,tpex,2641,1069011,,,
2026-09-19,TWT96U,twse,00924,341251,,,
2026-09-19,TWT96U,tpex,2643,5241,,,
2026-09-19,TWT96U,twse,00926,201822,,,
2026-09-19,TWT96U,tpex,2718,16784,,,
2026-09-19,TWT96U,twse,00927,3620395,,,
2026-09-19,TWT96U,tpex,2719,3799,,,
2026-09-19,TWT96U,twse,00929,9596436,,,
2026-09-19,TWT96U,tpex,2729,6383,,,
2026-09-19,TWT96U,twse,00930,247936,,,
2026-09-19,TWT96U,tpex,2732,6978,,,
2026-09-19,TWT96U,twse,00932,117158,,,
2026-09-19,TWT96U,tpex,2734,13383,,,
2026-09-19,TWT96U,twse,00934,714426,,,
2026-09-19,TWT96U,tpex,2736,19777,,,
2026-09-19,TWT96U,twse,00935,2936388,,,
2026-09-19,TWT96U,tpex,2743,24120,,,
2026-09-19,TWT96U,twse,00936,212969,,,
2026-09-19,TWT96U,tpex,2745,20252,,,
2026-09-19,TWT96U,twse,00938,430506,,,
2026-09-19,TWT96U,tpex,2751,2384,,,
2026-09-19,TWT96U,twse,00939,946745,,,
2026-09-19,TWT96U,tpex,2754,10158,,,
2026-09-19,TWT96U,twse,00940,3812101,,,
2026-09-19,TWT96U,tpex,2755,11209,,,
2026-09-19,TWT96U,twse,00941,472699,,,
2026-09-19,TWT96U,tpex,2756,9065,,,
2026-09-19,TWT96U,twse,00943,48919,,,
2026-09-19,TWT96U,tpex,2916,8643,,,
2026-09-19,TWT96U,twse,00944,65932,,,
2026-09-19,TWT96U,tpex,2926,3065,,,
2026-09-19,TWT96U,twse,00945B,1321560,,,
2026-09-19,TWT96U,tpex,3066,386314,,,
2026-09-19,TWT96U,twse,00946,538643,,,
2026-09-19,TWT96U,tpex,3071,55725,,,
2026-09-19,TWT96U,twse,00947,1769278,,,
2026-09-19,TWT96U,tpex,3073,16640,,,
2026-09-19,TWT96U,twse,00949,130394,,,
2026-09-19,TWT96U,tpex,3078,240072,,,
2026-09-19,TWT96U,twse,00951,687965,,,
2026-09-19,TWT96U,tpex,3081,1168200,,,
2026-09-19,TWT96U,twse,00952,508366,,,
2026-09-19,TWT96U,tpex,3083,20206,,,
2026-09-19,TWT96U,twse,00953B,10955553,,,
2026-09-19,TWT96U,tpex,3086,41549,,,
2026-09-19,TWT96U,twse,00954,518496,,,
2026-09-19,TWT96U,tpex,3088,260049,,,
2026-09-19,TWT96U,twse,00956,73915,,,
2026-09-19,TWT96U,tpex,3093,95472,,,
2026-09-19,TWT96U,twse,00960,357720,,,
2026-09-19,TWT96U,tpex,3095,1774,,,
2026-09-19,TWT96U,twse,00961,8657536,,,
2026-09-19,TWT96U,tpex,3105,8548949,,,
2026-09-19,TWT96U,twse,00962,850870,,,
2026-09-19,TWT96U,tpex,3114,151339,,,
2026-09-19,TWT96U,twse,00963,446756,,,
2026-09-19,TWT96U,tpex,3118,4941,,,
2026-09-19,TWT96U,twse,00964,472347,,,
2026-09-19,TWT96U,tpex,3128,39879,,,
2026-09-19,TWT96U,twse,00965,480415,,,
2026-09-19,TWT96U,tpex,3131,155319,,,
2026-09-19,TWT96U,twse,00971,48315,,,
2026-09-19,TWT96U,tpex,3141,1235899,,,
2026-09-19,TWT96U,twse,00972,38160,,,
2026-09-19,TWT96U,tpex,3147,156942,,,
2026-09-19,TWT96U,twse,009800,297744,,,
2026-09-19,TWT96U,tpex,3152,62675,,,
2026-09-19,TWT96U,twse,009801,236146,,,
2026-09-19,TWT96U,tpex,3162,402461,,,
2026-09-19,TWT96U,twse,009802,2831673,,,
2026-09-19,TWT96U,tpex,3163,904765,,,
2026-09-19,TWT96U,twse,009803,1559698,,,
2026-09-19,TWT96U,tpex,3169,63799,,,
2026-09-19,TWT96U,twse,009804,321705,,,
2026-09-19,TWT96U,tpex,3171,7424,,,
2026-09-19,TWT96U,twse,009805,1492362,,,
2026-09-19,TWT96U,tpex,3176,256970,,,
2026-09-19,TWT96U,twse,009808,59404,,,
2026-09-19,TWT96U,tpex,3178,19573,,,
2026-09-19,TWT96U,twse,009809,68386,,,
2026-09-19,TWT96U,tpex,3188,47976,,,
2026-09-19,TWT96U,twse,00980A,3050008,,,
2026-09-19,TWT96U,tpex,3205,9254,,,
2026-09-19,TWT96U,twse,009810,41941,,,
2026-09-19,TWT96U,tpex,3206,11241,,,
2026-09-19,TWT96U,twse,009811,278417,,,
2026-09-19,TWT96U,tpex,3207,47178,,,
2026-09-19,TWT96U,twse,009812,136095,,,
2026-09-19,TWT96U,tpex,3211,86402,,,
2026-09-19,TWT96U,twse,009813,381185,,,
2026-09-19,TWT96U,tpex,3213,99696,,,
2026-09-19,TWT96U,twse,009816,26437686,,,
2026-09-19,TWT96U,tpex,3217,152642,,,
2026-09-19,TWT96U,twse,009817,228356,,,
2026-09-19,TWT96U,tpex,3218,69915,,,
2026-09-19,TWT96U,twse,009818,54816,,,
2026-09-19,TWT96U,tpex,3219,203062,,,
2026-09-19,TWT96U,twse,009819,1410572,,,
2026-09-19,TWT96U,tpex,3221,705955,,,
2026-09-19,TWT96U,twse,00981A,51120684,,,
2026-09-19,TWT96U,tpex,3224,11024,,,
2026-09-19,TWT96U,twse,00981T,806089,,,
2026-09-19,TWT96U,tpex,3226,10484,,,
2026-09-19,TWT96U,twse,009820,2071394,,,
2026-09-19,TWT96U,tpex,3227,234424,,,
2026-09-19,TWT96U,twse,009821,3084348,,,
2026-09-19,TWT96U,tpex,3230,225666,,,
2026-09-19,TWT96U,twse,009824,1528489,,,
2026-09-19,TWT96U,tpex,3232,11294,,,
2026-09-19,TWT96U,twse,009826,5340460,,,
2026-09-19,TWT96U,tpex,3236,859296,,,
2026-09-19,TWT96U,twse,009827,3242640,,,
2026-09-19,TWT96U,tpex,3252,9209,,,
2026-09-19,TWT96U,twse,009828,22617523,,,
2026-09-19,TWT96U,tpex,3260,2723100,,,
2026-09-19,TWT96U,twse,009829,10474275,,,
2026-09-19,TWT96U,tpex,3264,2254202,,,
2026-09-19,TWT96U,twse,00982A,6390960,,,
2026-09-19,TWT96U,tpex,3265,543065,,,
2026-09-19,TWT96U,twse,00982D,157536,,,
2026-09-19,TWT96U,tpex,3268,16702,,,
2026-09-19,TWT96U,twse,00982T,52411,,,
2026-09-19,TWT96U,tpex,3272,21313,,,
2026-09-19,TWT96U,twse,00983A,391836,,,
2026-09-19,TWT96U,tpex,3276,38023,,,
2026-09-19,TWT96U,twse,00983D,244274,,,
2026-09-19,TWT96U,tpex,3284,62708,,,
2026-09-19,TWT96U,twse,00984A,1142111,,,
2026-09-19,TWT96U,tpex,3285,10363,,,
2026-09-19,TWT96U,twse,00984D,6621542,,,
2026-09-19,TWT96U,tpex,3287,142780,,,
2026-09-19,TWT96U,twse,00985A,850509,,,
2026-09-19,TWT96U,tpex,3289,175848,,,
2026-09-19,TWT96U,twse,00985B,1991345,,,
2026-09-19,TWT96U,tpex,3290,167345,,,
2026-09-19,TWT96U,twse,00986A,70528,,,
2026-09-19,TWT96U,tpex,3293,891039,,,
2026-09-19,TWT96U,twse,00987A,628077,,,
2026-09-19,TWT96U,tpex,3294,78742,,,
2026-09-19,TWT96U,twse,00988A,9059829,,,
2026-09-19,TWT96U,tpex,3297,45384,,,
2026-09-19,TWT96U,twse,00989A,277169,,,
2026-09-19,TWT96U,tpex,3303,89698,,,
2026-09-19,TWT96U,twse,00990A,4501467,,,
2026-09-19,TWT96U,tpex,3306,21568,,,
2026-09-19,TWT96U,twse,00991A,25522126,,,
2026-09-19,TWT96U,tpex,3310,5034,,,
2026-09-19,TWT96U,twse,00991B,248613,,,
2026-09-19,TWT96U,tpex,3313,50892,,,
2026-09-19,TWT96U,twse,00992A,11182999,,,
2026-09-19,TWT96U,tpex,3317,197220,,,
2026-09-19,TWT96U,twse,00993A,1428538,,,
2026-09-19,TWT96U,tpex,3322,68837,,,
2026-09-19,TWT96U,twse,00994A,1045275,,,
2026-09-19,TWT96U,tpex,3323,94886,,,
2026-09-19,TWT96U,twse,00995A,1060446,,,
2026-09-19,TWT96U,tpex,3324,1070540,,,
2026-09-19,TWT96U,twse,00996A,1129525,,,
2026-09-19,TWT96U,tpex,3332,1469,,,
2026-09-19,TWT96U,twse,00997A,2401251,,,
2026-09-19,TWT96U,tpex,3339,698353,,,
2026-09-19,TWT96U,twse,00999A,3705688,,,
2026-09-19,TWT96U,tpex,3354,318497,,,
2026-09-19,TWT96U,twse,1101,13748871,,,
2026-09-19,TWT96U,tpex,3357,501549,,,
2026-09-19,TWT96U,twse,1102,2794925,,,
2026-09-19,TWT96U,tpex,3360,153914,,,
2026-09-19,TWT96U,twse,1103,83328,,,
2026-09-19,TWT96U,tpex,3362,1618939,,,
2026-09-19,TWT96U,twse,1104,288066,,,
2026-09-19,TWT96U,tpex,3363,1375869,,,
2026-09-19,TWT96U,twse,1108,90653,,,
2026-09-19,TWT96U,tpex,3373,16533,,,
2026-09-19,TWT96U,twse,1109,32804,,,
2026-09-19,TWT96U,tpex,3374,4226992,,,
2026-09-19,TWT96U,twse,1110,71248,,,
2026-09-19,TWT96U,tpex,3379,48016,,,
2026-09-19,TWT96U,twse,1201,96484,,,
2026-09-19,TWT96U,tpex,3388,702173,,,
2026-09-19,TWT96U,twse,1203,5509,,,
2026-09-19,TWT96U,tpex,3390,48014,,,
2026-09-19,TWT96U,twse,1210,505228,,,
2026-09-19,TWT96U,tpex,3402,61720,,,
2026-09-19,TWT96U,twse,1215,189346,,,
2026-09-19,TWT96U,tpex,3430,130955,,,
2026-09-19,TWT96U,twse,1216,3329534,,,
2026-09-19,TWT96U,tpex,3434,40191,,,
2026-09-19,TWT96U,twse,1217,110675,,,
2026-09-19,TWT96U,tpex,3438,38998,,,
2026-09-19,TWT96U,twse,1218,327313,,,
2026-09-19,TWT96U,tpex,3441,2882992,,,
2026-09-19,TWT96U,twse,1219,104716,,,
2026-09-19,TWT96U,tpex,3444,136030,,,
2026-09-19,TWT96U,twse,1220,29746,,,
2026-09-19,TWT96U,tpex,3455,682667,,,
2026-09-19,TWT96U,twse,1227,211483,,,
2026-09-19,TWT96U,tpex,3465,5699,,,
2026-09-19,TWT96U,twse,1229,518322,,,
2026-09-19,TWT96U,tpex,3466,39306,,,
2026-09-19,TWT96U,twse,1231,83932,,,
2026-09-19,TWT96U,tpex,3467,87126,,,
2026-09-19,TWT96U,twse,1232,41360,,,
2026-09-19,TWT96U,tpex,3479,198906,,,
2026-09-19,TWT96U,twse,1233,7175,,,
2026-09-19,TWT96U,tpex,3483,95136,,,
2026-09-19,TWT96U,twse,1234,28164,,,
2026-09-19,TWT96U,tpex,3484,65106,,,
2026-09-19,TWT96U,twse,1235,4803,,,
2026-09-19,TWT96U,tpex,3485,45323,,,
2026-09-19,TWT96U,twse,1236,28834,,,
2026-09-19,TWT96U,tpex,3489,81489,,,
2026-09-19,TWT96U,twse,1256,20124,,,
2026-09-19,TWT96U,tpex,3490,1584454,,,
2026-09-19,TWT96U,twse,1301,9185406,,,
2026-09-19,TWT96U,tpex,3491,504105,,,
2026-09-19,TWT96U,twse,1303,28304889,,,
2026-09-19,TWT96U,tpex,3492,29473,,,
2026-09-19,TWT96U,twse,1304,830070,,,
2026-09-19,TWT96U,tpex,3498,858390,,,
2026-09-19,TWT96U,twse,1305,526788,,,
2026-09-19,TWT96U,tpex,3511,42960,,,
2026-09-19,TWT96U,twse,1307,173885,,,
2026-09-19,TWT96U,tpex,3512,9377,,,
2026-09-19,TWT96U,twse,1308,516764,,,
2026-09-19,TWT96U,tpex,3516,30271,,,
2026-09-19,TWT96U,twse,1309,686002,,,
2026-09-19,TWT96U,tpex,3520,60515,,,
2026-09-19,TWT96U,twse,1310,1049656,,,
2026-09-19,TWT96U,tpex,3521,9512,,,
2026-09-19,TWT96U,twse,1312,8328407,,,
2026-09-19,TWT96U,tpex,3526,77503,,,
2026-09-19,TWT96U,twse,1313,834696,,,
2026-09-19,TWT96U,tpex,3527,19482,,,
2026-09-19,TWT96U,twse,1314,7287132,,,
2026-09-19,TWT96U,tpex,3529,421095,,,
2026-09-19,TWT96U,twse,1315,16748,,,
2026-09-19,TWT96U,tpex,3531,1407,,,
2026-09-19,TWT96U,twse,1316,1089678,,,
2026-09-19,TWT96U,tpex,3537,190534,,,
2026-09-19,TWT96U,twse,1319,675724,,,
2026-09-19,TWT96U,tpex,3540,226778,,,
2026-09-19,TWT96U,twse,1321,34157,,,
2026-09-19,TWT96U,tpex,3541,8706,,,
2026-09-19,TWT96U,twse,1323,18805,,,
2026-09-19,TWT96U,tpex,3546,40452,,,
2026-09-19,TWT96U,twse,1324,7225,,,
2026-09-19,TWT96U,tpex,3548,97281,,,
2026-09-19,TWT96U,twse,1325,59667,,,
2026-09-19,TWT96U,tpex,3551,78840,,,
2026-09-19,TWT96U,twse,1326,10099030,,,
2026-09-19,TWT96U,tpex,3552,34077,,,
2026-09-19,TWT96U,twse,1337,83234,,,
2026-09-19,TWT96U,tpex,3555,29762,,,
2026-09-19,TWT96U,twse,1338,23344,,,
2026-09-19,TWT96U,tpex,3556,89339,,,
2026-09-19,TWT96U,twse,1339,33615,,,
2026-09-19,TWT96U,tpex,3558,25499,,,
2026-09-19,TWT96U,twse,1340,39920,,,
2026-09-19,TWT96U,tpex,3564,77720,,,
2026-09-19,TWT96U,twse,1342,49909,,,
2026-09-19,TWT96U,tpex,3567,9116,,,
2026-09-19,TWT96U,twse,1402,4388459,,,
2026-09-19,TWT96U,tpex,3570,6871,,,
2026-09-19,TWT96U,twse,1409,5572447,,,
2026-09-19,TWT96U,tpex,3577,133396,,,
2026-09-19,TWT96U,twse,1410,30493,,,
2026-09-19,TWT96U,tpex,3580,127260,,,
2026-09-19,TWT96U,twse,1414,96725,,,
2026-09-19,TWT96U,tpex,3581,131874,,,
2026-09-19,TWT96U,twse,1416,166122,,,
2026-09-19,TWT96U,tpex,3587,152902,,,
2026-09-19,TWT96U,twse,1417,38884,,,
2026-09-19,TWT96U,tpex,3594,349713,,,
2026-09-19,TWT96U,twse,1418,4476,,,
2026-09-19,TWT96U,tpex,3597,7741,,,
2026-09-19,TWT96U,twse,1419,26741,,,
2026-09-19,TWT96U,tpex,3609,83838,,,
2026-09-19,TWT96U,twse,1423,3541,,,
2026-09-19,TWT96U,tpex,3611,11584,,,
2026-09-19,TWT96U,twse,1432,26647,,,
2026-09-19,TWT96U,tpex,3615,174435,,,
2026-09-19,TWT96U,twse,1434,566687,,,
2026-09-19,TWT96U,tpex,3623,66633,,,
2026-09-19,TWT96U,twse,1436,65428,,,
2026-09-19,TWT96U,tpex,3624,4086605,,,
2026-09-19,TWT96U,twse,1437,139863,,,
2026-09-19,TWT96U,tpex,3628,39400,,,
2026-09-19,TWT96U,twse,1438,12972,,,
2026-09-19,TWT96U,tpex,3630,221477,,,
2026-09-19,TWT96U,twse,1439,11027,,,
2026-09-19,TWT96U,tpex,3631,75410,,,
2026-09-19,TWT96U,twse,1440,837994,,,
2026-09-19,TWT96U,tpex,3646,5642,,,
2026-09-19,TWT96U,twse,1442,59318,,,
2026-09-19,TWT96U,tpex,3663,133861,,,
2026-09-19,TWT96U,twse,1443,3937,,,
2026-09-19,TWT96U,tpex,3666,12765,,,
2026-09-19,TWT96U,twse,1444,442195,,,
2026-09-19,TWT96U,tpex,3675,315622,,,
2026-09-19,TWT96U,twse,1445,25250,,,
2026-09-19,TWT96U,tpex,3680,492255,,,
2026-09-19,TWT96U,twse,1446,37778,,,
2026-09-19,TWT96U,tpex,3684,11583,,,
2026-09-19,TWT96U,twse,1449,87037,,,
2026-09-19,TWT96U,tpex,3687,13860,,,
2026-09-19,TWT96U,twse,1451,26125,,,
2026-09-19,TWT96U,tpex,3689,341487,,,
2026-09-19,TWT96U,twse,1452,25034,,,
2026-09-19,TWT96U,tpex,3691,123245,,,
2026-09-19,TWT96U,twse,1453,11939,,,
2026-09-19,TWT96U,tpex,3693,481267,,,
2026-09-19,TWT96U,twse,1454,9885,,,
2026-09-19,TWT96U,tpex,3707,1197287,,,
2026-09-19,TWT96U,twse,1455,399894,,,
2026-09-19,TWT96U,tpex,3709,172158,,,
2026-09-19,TWT96U,twse,1456,40927,,,
2026-09-19,TWT96U,tpex,3718,1530963,,,
2026-09-19,TWT96U,twse,1457,28964,,,
2026-09-19,TWT96U,tpex,4102,6756,,,
2026-09-19,TWT96U,twse,1459,72513,,,
2026-09-19,TWT96U,tpex,4105,139694,,,
2026-09-19,TWT96U,twse,1463,17894,,,
2026-09-19,TWT96U,tpex,4107,11928,,,
2026-09-19,TWT96U,twse,1464,89744,,,
2026-09-19,TWT96U,tpex,4109,105976,,,
2026-09-19,TWT96U,twse,1465,59572,,,
2026-09-19,TWT96U,tpex,4111,26592,,,
2026-09-19,TWT96U,twse,1466,99807,,,
2026-09-19,TWT96U,tpex,4113,42898,,,
2026-09-19,TWT96U,twse,1467,73660,,,
2026-09-19,TWT96U,tpex,4114,249603,,,
2026-09-19,TWT96U,twse,1470,4419,,,
2026-09-19,TWT96U,tpex,4116,7590,,,
2026-09-19,TWT96U,twse,1472,9346,,,
2026-09-19,TWT96U,tpex,4120,6984,,,
2026-09-19,TWT96U,twse,1473,14117,,,
2026-09-19,TWT96U,tpex,4121,10223,,,
2026-09-19,TWT96U,twse,1474,21720,,,
2026-09-19,TWT96U,tpex,4123,678606,,,
2026-09-19,TWT96U,twse,1475,9393,,,
2026-09-19,TWT96U,tpex,4126,8955,,,
2026-09-19,TWT96U,twse,1476,390560,,,
2026-09-19,TWT96U,tpex,4127,116325,,,
2026-09-19,TWT96U,twse,1477,528948,,,
2026-09-19,TWT96U,tpex,4128,286755,,,
2026-09-19,TWT96U,twse,1503,478644,,,
2026-09-19,TWT96U,tpex,4129,87002,,,
2026-09-19,TWT96U,twse,1504,2502030,,,
2026-09-19,TWT96U,tpex,4138,10552,,,
2026-09-19,TWT96U,twse,1513,837429,,,
2026-09-19,TWT96U,tpex,4147,346089,,,
2026-09-19,TWT96U,twse,1514,405018,,,
2026-09-19,TWT96U,tpex,4153,3466,,,
2026-09-19,TWT96U,twse,1515,702958,,,
2026-09-19,TWT96U,tpex,4157,236838,,,
2026-09-19,TWT96U,twse,1517,140918,,,
2026-09-19,TWT96U,tpex,4160,7074,,,
2026-09-19,TWT96U,twse,1519,543397,,,
2026-09-19,TWT96U,tpex,4161,7501,,,
2026-09-19,TWT96U,twse,1521,5925,,,
2026-09-19,TWT96U,tpex,4162,89864,,,
2026-09-19,TWT96U,twse,1522,153172,,,
2026-09-19,TWT96U,tpex,4163,37363,,,
2026-09-19,TWT96U,twse,1524,88107,,,
2026-09-19,TWT96U,tpex,4166,30817,,,
2026-09-19,TWT96U,twse,1525,4382,,,
2026-09-19,TWT96U,tpex,4167,289446,,,
2026-09-19,TWT96U,twse,1526,109941,,,
2026-09-19,TWT96U,tpex,4171,17349,,,
2026-09-19,TWT96U,twse,1527,37002,,,
2026-09-19,TWT96U,tpex,4173,19761,,,
2026-09-19,TWT96U,twse,1528,1294204,,,
2026-09-19,TWT96U,tpex,4174,101062,,,
2026-09-19,TWT96U,twse,1529,156638,,,
2026-09-19,TWT96U,tpex,4175,3262,,,
2026-09-19,TWT96U,twse,1530,9686,,,
2026-09-19,TWT96U,tpex,4205,6352,,,
2026-09-19,TWT96U,twse,1531,62245,,,
2026-09-19,TWT96U,tpex,4207,39452,,,
2026-09-19,TWT96U,twse,1532,98425,,,
2026-09-19,TWT96U,tpex,4303,406401,,,
2026-09-19,TWT96U,twse,1533,30539,,,
2026-09-19,TWT96U,tpex,4305,987,,,
2026-09-19,TWT96U,twse,1535,12822,,,
2026-09-19,TWT96U,tpex,4401,11078,,,
2026-09-19,TWT96U,twse,1536,369276,,,
2026-09-19,TWT96U,tpex,4406,9508,,,
2026-09-19,TWT96U,twse,1537,45014,,,
2026-09-19,TWT96U,tpex,4413,18470,,,
2026-09-19,TWT96U,twse,1539,10943,,,
2026-09-19,TWT96U,tpex,4416,394724,,,
2026-09-19,TWT96U,twse,1540,42540,,,
2026-09-19,TWT96U,tpex,4417,32228,,,
2026-09-19,TWT96U,twse,1541,4059,,,
2026-09-19,TWT96U,tpex,4420,11473,,,
2026-09-19,TWT96U,twse,1558,43598,,,
2026-09-19,TWT96U,tpex,4430,15567,,,
2026-09-19,TWT96U,twse,1560,407137,,,
2026-09-19,TWT96U,tpex,4432,7538,,,
2026-09-19,TWT96U,twse,1563,392340,,,
2026-09-19,TWT96U,tpex,4433,18012,,,
2026-09-19,TWT96U,twse,1568,72505,,,
2026-09-19,TWT96U,tpex,4442,32376,,,
2026-09-19,TWT96U,twse,1582,139376,,,
2026-09-19,TWT96U,tpex,4503,106807,,,
2026-09-19,TWT96U,twse,1583,10087,,,
2026-09-19,TWT96U,tpex,4506,15908,,,
2026-09-19,TWT96U,twse,1587,43153,,,
2026-09-19,TWT96U,tpex,4510,657843,,,
2026-09-19,TWT96U,twse,1590,222719,,,
2026-09-19,TWT96U,tpex,4513,106884,,,
2026-09-19,TWT96U,twse,1597,822080,,,
2026-09-19,TWT96U,tpex,4523,18207,,,
2026-09-19,TWT96U,twse,1598,71586,,,
2026-09-19,TWT96U,tpex,4528,5914,,,
2026-09-19,TWT96U,twse,1603,54895,,,
2026-09-19,TWT96U,tpex,4530,7439,,,
2026-09-19,TWT96U,twse,1604,58483,,,
2026-09-19,TWT96U,tpex,4533,236211,,,
2026-09-19,TWT96U,twse,1605,7746444,,,
2026-09-19,TWT96U,tpex,4535,2806,,,
2026-09-19,TWT96U,twse,1608,1366380,,,
2026-09-19,TWT96U,tpex,4538,5518,,,
2026-09-19,TWT96U,twse,1609,1013514,,,
2026-09-19,TWT96U,tpex,4541,955076,,,
2026-09-19,TWT96U,twse,1611,137675,,,
2026-09-19,TWT96U,tpex,4542,206305,,,
2026-09-19,TWT96U,twse,1612,238350,,,
2026-09-19,TWT96U,tpex,4543,24248,,,
2026-09-19,TWT96U,twse,1614,17170,,,
2026-09-19,TWT96U,tpex,4549,23064,,,
2026-09-19,TWT96U,twse,1615,36398,,,
2026-09-19,TWT96U,tpex,4550,6151,,,
2026-09-19,TWT96U,twse,1616,97396,,,
2026-09-19,TWT96U,tpex,4554,15491,,,
2026-09-19,TWT96U,twse,1617,170817,,,
2026-09-19,TWT96U,tpex,4556,178402,,,
2026-09-19,TWT96U,twse,1618,184501,,,
2026-09-19,TWT96U,tpex,4558,14205,,,
2026-09-19,TWT96U,twse,1623,25188,,,
2026-09-19,TWT96U,tpex,4561,144617,,,
2026-09-19,TWT96U,twse,1626,20839,,,
2026-09-19,TWT96U,tpex,4563,40060,,,
2026-09-19,TWT96U,twse,1702,44868,,,
2026-09-19,TWT96U,tpex,4568,1623,,,
2026-09-19,TWT96U,twse,1707,149929,,,
2026-09-19,TWT96U,tpex,4577,194173,,,
2026-09-19,TWT96U,twse,1708,835101,,,
2026-09-19,TWT96U,tpex,4580,32612,,,
2026-09-19,TWT96U,twse,1709,4216795,,,
2026-09-19,TWT96U,tpex,4702,21912,,,
2026-09-19,TWT96U,twse,1710,1543389,,,
2026-09-19,TWT96U,tpex,4706,11870,,,
2026-09-19,TWT96U,twse,1711,1547373,,,
2026-09-19,TWT96U,tpex,4707,1180041,,,
2026-09-19,TWT96U,twse,1712,335533,,,
2026-09-19,TWT96U,tpex,4711,18193,,,
2026-09-19,TWT96U,twse,1713,83018,,,
2026-09-19,TWT96U,tpex,4714,484743,,,
2026-09-19,TWT96U,twse,1714,5037070,,,
2026-09-19,TWT96U,tpex,4716,441033,,,
2026-09-19,TWT96U,twse,1717,5053840,,,
2026-09-19,TWT96U,tpex,4721,107581,,,
2026-09-19,TWT96U,twse,1718,6307374,,,
2026-09-19,TWT96U,tpex,4728,1483,,,
2026-09-19,TWT96U,twse,1720,62403,,,
2026-09-19,TWT96U,tpex,4729,23544,,,
2026-09-19,TWT96U,twse,1722,843002,,,
2026-09-19,TWT96U,tpex,4735,39112,,,
2026-09-19,TWT96U,twse,1723,171747,,,
2026-09-19,TWT96U,tpex,4741,26761,,,
2026-09-19,TWT96U,twse,1725,11565,,,
2026-09-19,TWT96U,tpex,4743,382632,,,
2026-09-19,TWT96U,twse,1726,7571,,,
2026-09-19,TWT96U,tpex,4744,20012,,,
2026-09-19,TWT96U,twse,1727,1621956,,,
2026-09-19,TWT96U,tpex,4745,5841,,,
2026-09-19,TWT96U,twse,1730,9727,,,
2026-09-19,TWT96U,tpex,4747,23896,,,
2026-09-19,TWT96U,twse,1731,72660,,,
2026-09-19,TWT96U,tpex,4749,179507,,,
2026-09-19,TWT96U,twse,1732,35546,,,
2026-09-19,TWT96U,tpex,4754,10921,,,
2026-09-19,TWT96U,twse,1733,44478,,,
2026-09-19,TWT96U,tpex,4760,128071,,,
2026-09-19,TWT96U,twse,1734,66670,,,
2026-09-19,TWT96U,tpex,4767,9774,,,
2026-09-19,TWT96U,twse,1735,23729,,,
2026-09-19,TWT96U,tpex,4768,102426,,,
2026-09-19,TWT96U,twse,1736,176480,,,
2026-09-19,TWT96U,tpex,4772,167472,,,
2026-09-19,TWT96U,twse,1737,75551,,,
2026-09-19,TWT96U,tpex,4903,304352,,,
2026-09-19,TWT96U,twse,1752,12558,,,
2026-09-19,TWT96U,tpex,4905,19583,,,
2026-09-19,TWT96U,twse,1760,33676,,,
2026-09-19,TWT96U,tpex,4907,36468,,,
2026-09-19,TWT96U,twse,1762,45878,,,
2026-09-19,TWT96U,tpex,4908,1485825,,,
2026-09-19,TWT96U,twse,1773,168553,,,
2026-09-19,TWT96U,tpex,4909,110694,,,
2026-09-19,TWT96U,twse,1776,17566,,,
2026-09-19,TWT96U,tpex,4911,6068,,,
2026-09-19,TWT96U,twse,1783,23841,,,
2026-09-19,TWT96U,tpex,4923,125549,,,
2026-09-19,TWT96U,twse,1786,54006,,,
2026-09-19,TWT96U,tpex,4924,66941,,,
2026-09-19,TWT96U,twse,1789,145006,,,
2026-09-19,TWT96U,tpex,4931,1839264,,,
2026-09-19,TWT96U,twse,1795,318115,,,
2026-09-19,TWT96U,tpex,4933,22442,,,
2026-09-19,TWT96U,twse,1802,8436084,,,
2026-09-19,TWT96U,tpex,4939,4752138,,,
2026-09-19,TWT96U,twse,1805,18305,,,
2026-09-19,TWT96U,tpex,4946,7248,,,
2026-09-19,TWT96U,twse,1806,58667,,,
2026-09-19,TWT96U,tpex,4951,55927,,,
2026-09-19,TWT96U,twse,1808,638749,,,
2026-09-19,TWT96U,tpex,4953,66093,,,
2026-09-19,TWT96U,twse,1809,448502,,,
2026-09-19,TWT96U,tpex,4966,204642,,,
2026-09-19,TWT96U,twse,1810,1707541,,,
2026-09-19,TWT96U,tpex,4971,829301,,,
2026-09-19,TWT96U,twse,1817,17248,,,
2026-09-19,TWT96U,tpex,4972,4290,,,
2026-09-19,TWT96U,twse,1903,29390,,,
2026-09-19,TWT96U,tpex,4973,449536,,,
2026-09-19,TWT96U,twse,1904,841617,,,
2026-09-19,TWT96U,tpex,4974,42728,,,
2026-09-19,TWT96U,twse,1905,502659,,,
2026-09-19,TWT96U,tpex,4979,2850106,,,
2026-09-19,TWT96U,twse,1906,28871,,,
2026-09-19,TWT96U,tpex,4991,1382138,,,
2026-09-19,TWT96U,twse,1907,357559,,,
2026-09-19,TWT96U,tpex,4995,8697,,,
2026-09-19,TWT96U,twse,1909,1203834,,,
2026-09-19,TWT96U,tpex,5009,503830,,,
2026-09-19,TWT96U,twse,2002,9874418,,,
2026-09-19,TWT96U,tpex,5011,57345,,,
2026-09-19,TWT96U,twse,2006,609054,,,
2026-09-19,TWT96U,tpex,5013,30186,,,
2026-09-19,TWT96U,twse,2008,5685,,,
2026-09-19,TWT96U,tpex,5014,100212,,,
2026-09-19,TWT96U,twse,2009,838296,,,
2026-09-19,TWT96U,tpex,5015,5425,,,
2026-09-19,TWT96U,twse,2010,345278,,,
2026-09-19,TWT96U,tpex,5016,2982,,,
2026-09-19,TWT96U,twse,2012,16425,,,
2026-09-19,TWT96U,tpex,5201,24463,,,
2026-09-19,TWT96U,twse,2013,22518,,,
2026-09-19,TWT96U,tpex,5202,116139,,,
2026-09-19,TWT96U,twse,2014,689929,,,
2026-09-19,TWT96U,tpex,5206,64657,,,
2026-09-19,TWT96U,twse,2015,53182,,,
2026-09-19,TWT96U,tpex,5209,33003,,,
2026-09-19,TWT96U,twse,2017,224172,,,
2026-09-19,TWT96U,tpex,5210,45015,,,
2026-09-19,TWT96U,twse,2020,89424,,,
2026-09-19,TWT96U,tpex,5211,17397,,,
2026-09-19,TWT96U,twse,2022,106468,,,
2026-09-19,TWT96U,tpex,5212,2603,,,
2026-09-19,TWT96U,twse,2023,294343,,,
2026-09-19,TWT96U,tpex,5213,58370,,,
2026-09-19,TWT96U,twse,2024,3885,,,
2026-09-19,TWT96U,tpex,5220,8899,,,
2026-09-19,TWT96U,twse,2025,157724,,,
2026-09-19,TWT96U,tpex,5223,5863,,,
2026-09-19,TWT96U,twse,2027,5207343,,,
2026-09-19,TWT96U,tpex,5228,102387,,,
2026-09-19,TWT96U,twse,2028,26933,,,
2026-09-19,TWT96U,tpex,5230,58893,,,
2026-09-19,TWT96U,twse,2029,118381,,,
2026-09-19,TWT96U,tpex,5245,11213,,,
2026-09-19,TWT96U,twse,2030,1019386,,,
2026-09-19,TWT96U,tpex,5251,52331,,,
2026-09-19,TWT96U,twse,2031,477434,,,
2026-09-19,TWT96U,tpex,5263,83786,,,
2026-09-19,TWT96U,twse,2032,136066,,,
2026-09-19,TWT96U,tpex,5272,18268,,,
2026-09-19,TWT96U,twse,2033,553682,,,
2026-09-19,TWT96U,tpex,5274,93274,,,
2026-09-19,TWT96U,twse,2034,398259,,,
2026-09-19,TWT96U,tpex,5278,21924,,,
2026-09-19,TWT96U,twse,2038,64031,,,
2026-09-19,TWT96U,tpex,5287,24762,,,
2026-09-19,TWT96U,twse,2049,1713096,,,
2026-09-19,TWT96U,tpex,5289,638073,,,
2026-09-19,TWT96U,twse,2059,158017,,,
2026-09-19,TWT96U,tpex,5291,366912,,,
2026-09-19,TWT96U,twse,2062,50373,,,
2026-09-19,TWT96U,tpex,5299,83416,,,
2026-09-19,TWT96U,twse,2069,304812,,,
2026-09-19,TWT96U,tpex,5309,400547,,,
2026-09-19,TWT96U,twse,2072,100275,,,
2026-09-19,TWT96U,tpex,5310,1980,,,
2026-09-19,TWT96U,twse,2101,595723,,,
2026-09-19,TWT96U,tpex,5312,10335,,,
2026-09-19,TWT96U,twse,2102,63116,,,
2026-09-19,TWT96U,tpex,5314,2932411,,,
2026-09-19,TWT96U,twse,2103,2339304,,,
2026-09-19,TWT96U,tpex,5315,63682,,,
2026-09-19,TWT96U,twse,2104,1009659,,,
2026-09-19,TWT96U,tpex,5321,253159,,,
2026-09-19,TWT96U,twse,2105,1454021,,,
2026-09-19,TWT96U,tpex,5328,2514498,,,
2026-09-19,TWT96U,twse,2106,543438,,,
2026-09-19,TWT96U,tpex,5340,1146057,,,
2026-09-19,TWT96U,twse,2107,80405,,,
2026-09-19,TWT96U,tpex,5347,4384793,,,
2026-09-19,TWT96U,twse,2108,333885,,,
2026-09-19,TWT96U,tpex,5351,5149727,,,
2026-09-19,TWT96U,twse,2109,27371,,,
2026-09-19,TWT96U,tpex,5353,9515,,,
2026-09-19,TWT96U,twse,2114,8749,,,
2026-09-19,TWT96U,tpex,5356,22630,,,
2026-09-19,TWT96U,twse,2115,22722,,,
2026-09-19,TWT96U,tpex,5364,14450,,,
2026-09-19,TWT96U,twse,2201,1198936,,,
2026-09-19,TWT96U,tpex,5381,145145,,,
2026-09-19,TWT96U,twse,2204,265472,,,
2026-09-19,TWT96U,tpex,5386,506424,,,
2026-09-19,TWT96U,twse,2206,187341,,,
2026-09-19,TWT96U,tpex,5392,548297,,,
2026-09-19,TWT96U,twse,2207,76239,,,
2026-09-19,TWT96U,tpex,5398,21748,,,
2026-09-19,TWT96U,twse,2211,223178,,,
2026-09-19,TWT96U,tpex,5403,12465,,,
2026-09-19,TWT96U,twse,2228,33613,,,
2026-09-19,TWT96U,tpex,5410,104292,,,
2026-09-19,TWT96U,twse,2231,79952,,,
2026-09-19,TWT96U,tpex,5425,4807617,,,
2026-09-19,TWT96U,twse,2233,228514,,,
2026-09-19,TWT96U,tpex,5426,327321,,,
2026-09-19,TWT96U,twse,2236,136436,,,
2026-09-19,TWT96U,tpex,5432,55981,,,
2026-09-19,TWT96U,twse,2239,15591,,,
2026-09-19,TWT96U,tpex,5438,13178,,,
2026-09-19,TWT96U,twse,2241,135005,,,
2026-09-19,TWT96U,tpex,5439,703724,,,
2026-09-19,TWT96U,twse,2243,91934,,,
2026-09-19,TWT96U,tpex,5443,716855,,,
2026-09-19,TWT96U,twse,2247,10196,,,
2026-09-19,TWT96U,tpex,5450,32959,,,
2026-09-19,TWT96U,twse,2248,26325,,,
2026-09-19,TWT96U,tpex,5452,102909,,,
2026-09-19,TWT96U,twse,2250,18159,,,
2026-09-19,TWT96U,tpex,5455,2359,,,
2026-09-19,TWT96U,twse,2254,201683,,,
2026-09-19,TWT96U,tpex,5457,100743,,,
2026-09-19,TWT96U,twse,2301,9119343,,,
2026-09-19,TWT96U,tpex,5460,34354,,,
2026-09-19,TWT96U,twse,2302,1279145,,,
2026-09-19,TWT96U,tpex,5464,263845,,,
2026-09-19,TWT96U,twse,2303,48012916,,,
2026-09-19,TWT96U,tpex,5465,23507,,,
2026-09-19,TWT96U,twse,2305,4082009,,,
2026-09-19,TWT96U,tpex,5474,54011,,,
2026-09-19,TWT96U,twse,2308,3368250,,,
2026-09-19,TWT96U,tpex,5478,20256,,,
2026-09-19,TWT96U,twse,2312,3393972,,,
2026-09-19,TWT96U,tpex,5481,76635,,,
2026-09-19,TWT96U,twse,2313,9144401,,,
2026-09-19,TWT96U,tpex,5483,5462423,,,
2026-09-19,TWT96U,twse,2316,632284,,,
2026-09-19,TWT96U,tpex,5487,18222,,,
2026-09-19,TWT96U,twse,2317,10656337,,,
2026-09-19,TWT96U,tpex,5488,121907,,,
2026-09-19,TWT96U,twse,2323,1890646,,,
2026-09-19,TWT96U,tpex,5489,16737,,,
2026-09-19,TWT96U,twse,2324,27176567,,,
2026-09-19,TWT96U,tpex,5490,202622,,,
2026-09-19,TWT96U,twse,2327,13159176,,,
2026-09-19,TWT96U,tpex,5493,25678,,,
2026-09-19,TWT96U,twse,2328,641398,,,
2026-09-19,TWT96U,tpex,5498,702461,,,
2026-09-19,TWT96U,twse,2329,595374,,,
2026-09-19,TWT96U,tpex,5508,73460,,,
2026-09-19,TWT96U,twse,2330,6128345,,,
2026-09-19,TWT96U,tpex,5511,45260,,,
2026-09-19,TWT96U,twse,2331,580104,,,
2026-09-19,TWT96U,tpex,5512,157664,,,
2026-09-19,TWT96U,twse,2332,4673235,,,
2026-09-19,TWT96U,tpex,5514,9446,,,
2026-09-19,TWT96U,twse,2337,15945663,,,
2026-09-19,TWT96U,tpex,5520,1473,,,
2026-09-19,TWT96U,twse,2338,2772775,,,
2026-09-19,TWT96U,tpex,5523,4360,,,
2026-09-19,TWT96U,twse,2340,943015,,,
2026-09-19,TWT96U,tpex,5529,39756,,,
2026-09-19,TWT96U,twse,2342,778966,,,
2026-09-19,TWT96U,tpex,5530,82738,,,
2026-09-19,TWT96U,twse,2344,43651200,,,
2026-09-19,TWT96U,tpex,5536,308035,,,
2026-09-19,TWT96U,twse,2345,988932,,,
2026-09-19,TWT96U,tpex,5543,10212,,,
2026-09-19,TWT96U,twse,2347,941181,,,
2026-09-19,TWT96U,tpex,5547,6922,,,
2026-09-19,TWT96U,twse,2348,111346,,,
2026-09-19,TWT96U,tpex,5548,6179,,,
2026-09-19,TWT96U,twse,2351,1866417,,,
2026-09-19,TWT96U,tpex,5601,2323,,,
2026-09-19,TWT96U,twse,2352,1604008,,,
2026-09-19,TWT96U,tpex,5603,38731,,,
2026-09-19,TWT96U,twse,2353,5404385,,,
2026-09-19,TWT96U,tpex,5604,3633,,,
2026-09-19,TWT96U,twse,2354,4648282,,,
2026-09-19,TWT96U,tpex,5609,43022,,,
2026-09-19,TWT96U,twse,2355,567437,,,
2026-09-19,TWT96U,tpex,5704,13854,,,
2026-09-19,TWT96U,twse,2356,6559058,,,
2026-09-19,TWT96U,tpex,5864,852070,,,
2026-09-19,TWT96U,twse,2357,1170797,,,
2026-09-19,TWT96U,tpex,5902,12002,,,
2026-09-19,TWT96U,twse,2359,2557208,,,
2026-09-19,TWT96U,tpex,5903,5164,,,
2026-09-19,TWT96U,twse,2360,643785,,,
2026-09-19,TWT96U,tpex,5904,3483921,,,
2026-09-19,TWT96U,twse,2362,459472,,,
2026-09-19,TWT96U,tpex,5905,127861,,,
2026-09-19,TWT96U,twse,2363,1423687,,,
2026-09-19,TWT96U,tpex,6015,730092,,,
2026-09-19,TWT96U,twse,2364,184191,,,
2026-09-19,TWT96U,tpex,6016,1430314,,,
2026-09-19,TWT96U,twse,2365,309219,,,
2026-09-19,TWT96U,tpex,6020,10323,,,
2026-09-19,TWT96U,twse,2367,1481150,,,
2026-09-19,TWT96U,tpex,6021,76130,,,
2026-09-19,TWT96U,twse,2368,2858976,,,
2026-09-19,TWT96U,tpex,6023,230246,,,
2026-09-19,TWT96U,twse,2369,1349539,,,
2026-09-19,TWT96U,tpex,6026,296957,,,
2026-09-19,TWT96U,twse,2371,2904917,,,
2026-09-19,TWT96U,tpex,6101,81797,,,
2026-09-19,TWT96U,twse,2373,8803,,,
2026-09-19,TWT96U,tpex,6103,7507,,,
2026-09-19,TWT96U,twse,2374,771316,,,
2026-09-19,TWT96U,tpex,6104,155156,,,
2026-09-19,TWT96U,twse,2375,1432979,,,
2026-09-19,TWT96U,tpex,6111,43909,,,
2026-09-19,TWT96U,twse,2376,2096072,,,
2026-09-19,TWT96U,tpex,6113,45603,,,
2026-09-19,TWT96U,twse,2377,4057478,,,
2026-09-19,TWT96U,tpex,6114,8549,,,
2026-09-19,TWT96U,twse,2379,761640,,,
2026-09-19,TWT96U,tpex,6118,24132,,,
2026-09-19,TWT96U,twse,2382,5125590,,,
2026-09-19,TWT96U,tpex,6121,205139,,,
2026-09-19,TWT96U,twse,2383,615829,,,
2026-09-19,TWT96U,tpex,6122,87376,,,
2026-09-19,TWT96U,twse,2385,855804,,,
2026-09-19,TWT96U,tpex,6123,11081,,,
2026-09-19,TWT96U,twse,2387,95777,,,
2026-09-19,TWT96U,tpex,6124,4513,,,
2026-09-19,TWT96U,twse,2388,1266957,,,
2026-09-19,TWT96U,tpex,6125,391684,,,
2026-09-19,TWT96U,twse,2390,140641,,,
2026-09-19,TWT96U,tpex,6126,136116,,,
2026-09-19,TWT96U,twse,2392,1498191,,,
2026-09-19,TWT96U,tpex,6127,911305,,,
2026-09-19,TWT96U,twse,2393,555543,,,
2026-09-19,TWT96U,tpex,6130,59382,,,
2026-09-19,TWT96U,twse,2395,1080450,,,
2026-09-19,TWT96U,tpex,6134,55568,,,
2026-09-19,TWT96U,twse,2397,149391,,,
2026-09-19,TWT96U,tpex,6138,210963,,,
2026-09-19,TWT96U,twse,2399,1908795,,,
2026-09-19,TWT96U,tpex,6143,117753,,,
2026-09-19,TWT96U,twse,2401,666609,,,
2026-09-19,TWT96U,tpex,6146,85026,,,
2026-09-19,TWT96U,twse,2402,518022,,,
2026-09-19,TWT96U,tpex,6147,11043426,,,
2026-09-19,TWT96U,twse,2404,369051,,,
2026-09-19,TWT96U,tpex,6148,381503,,,
2026-09-19,TWT96U,twse,2405,275803,,,
2026-09-19,TWT96U,tpex,6150,58925,,,
2026-09-19,TWT96U,twse,2406,1049393,,,
2026-09-19,TWT96U,tpex,6151,36075,,,
2026-09-19,TWT96U,twse,2408,22875675,,,
2026-09-19,TWT96U,tpex,6154,8984,,,
2026-09-19,TWT96U,twse,2409,73327071,,,
2026-09-19,TWT96U,tpex,6156,162871,,,
2026-09-19,TWT96U,twse,2412,3034740,,,
2026-09-19,TWT96U,tpex,6158,15400,,,
2026-09-19,TWT96U,twse,2413,996767,,,
2026-09-19,TWT96U,tpex,6161,45300,,,
2026-09-19,TWT96U,twse,2414,83631,,,
2026-09-19,TWT96U,tpex,6163,272087,,,
2026-09-19,TWT96U,twse,2415,55134,,,
2026-09-19,TWT96U,tpex,6167,71702,,,
2026-09-19,TWT96U,twse,2417,345720,,,
2026-09-19,TWT96U,tpex,6169,2830,,,
2026-09-19,TWT96U,twse,2419,348625,,,
2026-09-19,TWT96U,tpex,6170,42470,,,
2026-09-19,TWT96U,twse,2420,146858,,,
2026-09-19,TWT96U,tpex,6171,12141,,,
2026-09-19,TWT96U,twse,2421,1344331,,,
2026-09-19,TWT96U,tpex,6173,5868541,,,
2026-09-19,TWT96U,twse,2423,32542,,,
2026-09-19,TWT96U,tpex,6174,316223,,,
2026-09-19,TWT96U,twse,2425,826901,,,
2026-09-19,TWT96U,tpex,6175,288254,,,
2026-09-19,TWT96U,twse,2426,9957671,,,
2026-09-19,TWT96U,tpex,6179,2138539,,,
2026-09-19,TWT96U,twse,2427,233423,,,
2026-09-19,TWT96U,tpex,6180,89931,,,
2026-09-19,TWT96U,twse,2428,483716,,,
2026-09-19,TWT96U,tpex,6182,12487690,,,
2026-09-19,TWT96U,twse,2430,17094,,,
2026-09-19,TWT96U,tpex,6185,88032,,,
2026-09-19,TWT96U,twse,2432,6168,,,
2026-09-19,TWT96U,tpex,6186,206034,,,
2026-09-19,TWT96U,twse,2433,7629,,,
2026-09-19,TWT96U,tpex,6187,990755,,,
2026-09-19,TWT96U,twse,2434,278745,,,
2026-09-19,TWT96U,tpex,6188,190307,,,
2026-09-19,TWT96U,twse,2436,1749472,,,
2026-09-19,TWT96U,tpex,6190,516636,,,
2026-09-19,TWT96U,twse,2439,49701,,,
2026-09-19,TWT96U,tpex,6194,33367,,,
2026-09-19,TWT96U,twse,2440,91896,,,
2026-09-19,TWT96U,tpex,6195,10293,,,
2026-09-19,TWT96U,twse,2441,1378767,,,
2026-09-19,TWT96U,tpex,6199,396497,,,
2026-09-19,TWT96U,twse,2442,503585,,,
2026-09-19,TWT96U,tpex,6203,20229,,,
2026-09-19,TWT96U,twse,2449,6072816,,,
2026-09-19,TWT96U,tpex,6204,85251,,,
2026-09-19,TWT96U,twse,2450,29060,,,
2026-09-19,TWT96U,tpex,6207,1458152,,,
2026-09-19,TWT96U,twse,2451,1437179,,,
2026-09-19,TWT96U,tpex,6208,70156,,,
2026-09-19,TWT96U,twse,2453,104158,,,
2026-09-19,TWT96U,tpex,6210,2732,,,
2026-09-19,TWT96U,twse,2454,2469177,,,
2026-09-19,TWT96U,tpex,6212,559,,,
2026-09-19,TWT96U,twse,2455,3523325,,,
2026-09-19,TWT96U,tpex,6217,1173615,,,
2026-09-19,TWT96U,twse,2457,350913,,,
2026-09-19,TWT96U,tpex,6218,923049,,,
2026-09-19,TWT96U,twse,2458,585149,,,
2026-09-19,TWT96U,tpex,6219,22388,,,
2026-09-19,TWT96U,twse,2459,23282,,,
2026-09-19,TWT96U,tpex,6220,55064,,,
2026-09-19,TWT96U,twse,2461,234764,,,
2026-09-19,TWT96U,tpex,6221,143019,,,
2026-09-19,TWT96U,twse,2462,55180,,,
2026-09-19,TWT96U,tpex,6222,3615,,,
2026-09-19,TWT96U,twse,2464,5027510,,,
2026-09-19,TWT96U,tpex,6223,321021,,,
2026-09-19,TWT96U,twse,2465,1429342,,,
2026-09-19,TWT96U,tpex,6227,322851,,,
2026-09-19,TWT96U,twse,2467,383484,,,
2026-09-19,TWT96U,tpex,6229,13935,,,
2026-09-19,TWT96U,twse,2468,754911,,,
2026-09-19,TWT96U,tpex,6231,83909,,,
2026-09-19,TWT96U,twse,2471,65775,,,
2026-09-19,TWT96U,tpex,6233,36849,,,
2026-09-19,TWT96U,twse,2472,791565,,,
2026-09-19,TWT96U,tpex,6234,89196,,,
2026-09-19,TWT96U,twse,2474,877290,,,
2026-09-19,TWT96U,tpex,6237,52476,,,
2026-09-19,TWT96U,twse,2476,464090,,,
2026-09-19,TWT96U,tpex,6240,31407,,,
2026-09-19,TWT96U,twse,2477,48557,,,
2026-09-19,TWT96U,tpex,6244,547700,,,
2026-09-19,TWT96U,twse,2478,1833415,,,
2026-09-19,TWT96U,tpex,6245,257901,,,
2026-09-19,TWT96U,twse,2480,59389,,,
2026-09-19,TWT96U,tpex,6246,18604,,,
2026-09-19,TWT96U,twse,2481,10665238,,,
2026-09-19,TWT96U,tpex,6248,26504,,,
2026-09-19,TWT96U,twse,2482,32931,,,
2026-09-19,TWT96U,tpex,6259,138873,,,
2026-09-19,TWT96U,twse,2483,341944,,,
2026-09-19,TWT96U,tpex,6261,134301,,,
2026-09-19,TWT96U,twse,2484,1585102,,,
2026-09-19,TWT96U,tpex,6263,39225,,,
2026-09-19,TWT96U,twse,2485,959315,,,
2026-09-19,TWT96U,tpex,6265,1659756,,,
2026-09-19,TWT96U,twse,2486,2515495,,,
2026-09-19,TWT96U,tpex,6266,32621,,,
2026-09-19,TWT96U,twse,2488,29883,,,
2026-09-19,TWT96U,tpex,6270,48345,,,
2026-09-19,TWT96U,twse,2489,10829275,,,
2026-09-19,TWT96U,tpex,6274,1820315,,,
2026-09-19,TWT96U,twse,2491,587144,,,
2026-09-19,TWT96U,tpex,6275,89290,,,
2026-09-19,TWT96U,twse,2492,9686607,,,
2026-09-19,TWT96U,tpex,6279,224592,,,
2026-09-19,TWT96U,twse,2493,674034,,,
2026-09-19,TWT96U,tpex,6284,314127,,,
2026-09-19,TWT96U,twse,2495,367126,,,
2026-09-19,TWT96U,tpex,6290,1213988,,,
2026-09-19,TWT96U,twse,2496,5595,,,
2026-09-19,TWT96U,tpex,6291,419069,,,
2026-09-19,TWT96U,twse,2497,79648,,,
2026-09-19,TWT96U,tpex,6292,113382,,,
2026-09-19,TWT96U,twse,2498,884,,,
2026-09-19,TWT96U,tpex,6294,6170,,,
2026-09-19,TWT96U,twse,2501,502638,,,
2026-09-19,TWT96U,tpex,6411,83753,,,
2026-09-19,TWT96U,twse,2504,445972,,,
2026-09-19,TWT96U,tpex,6417,23937,,,
2026-09-19,TWT96U,twse,2505,72276,,,
2026-09-19,TWT96U,tpex,6418,56349,,,
2026-09-19,TWT96U,twse,2506,90616,,,
2026-09-19,TWT96U,tpex,6419,102314,,,
2026-09-19,TWT96U,twse,2509,41494,,,
2026-09-19,TWT96U,tpex,6423,15119,,,
2026-09-19,TWT96U,twse,2511,219110,,,
2026-09-19,TWT96U,tpex,6425,126755,,,
2026-09-19,TWT96U,twse,2514,32871,,,
2026-09-19,TWT96U,tpex,6432,217514,,,
2026-09-19,TWT96U,twse,2515,1525063,,,
2026-09-19,TWT96U,tpex,6435,163131,,,
2026-09-19,TWT96U,twse,2520,473518,,,
2026-09-19,TWT96U,tpex,6441,89713,,,
2026-09-19,TWT96U,twse,2524,19379,,,
2026-09-19,TWT96U,tpex,6462,116275,,,
2026-09-19,TWT96U,twse,2527,213500,,,
2026-09-19,TWT96U,tpex,6465,52562,,,
2026-09-19,TWT96U,twse,2528,75621,,,
2026-09-19,TWT96U,tpex,6469,112653,,,
2026-09-19,TWT96U,twse,2530,308326,,,
2026-09-19,TWT96U,tpex,6470,10333,,,
2026-09-19,TWT96U,twse,2534,79902,,,
2026-09-19,TWT96U,tpex,6474,24242,,,
2026-09-19,TWT96U,twse,2535,75918,,,
2026-09-19,TWT96U,tpex,6482,6415,,,
2026-09-19,TWT96U,twse,2536,437215,,,
2026-09-19,TWT96U,tpex,6485,68874,,,
2026-09-19,TWT96U,twse,2537,280761,,,
2026-09-19,TWT96U,tpex,6486,56934,,,
2026-09-19,TWT96U,twse,2538,130245,,,
2026-09-19,TWT96U,tpex,6488,2812100,,,
2026-09-19,TWT96U,twse,2539,376192,,,
2026-09-19,TWT96U,tpex,6494,37381,,,
2026-09-19,TWT96U,twse,2540,303930,,,
2026-09-19,TWT96U,tpex,6496,2237,,,
2026-09-19,TWT96U,twse,2542,2561458,,,
2026-09-19,TWT96U,tpex,6498,46866,,,
2026-09-19,TWT96U,twse,2543,268954,,,
2026-09-19,TWT96U,tpex,6499,112517,,,
2026-09-19,TWT96U,twse,2545,74955,,,
2026-09-19,TWT96U,tpex,6506,19208,,,
2026-09-19,TWT96U,twse,2546,98251,,,
2026-09-19,TWT96U,tpex,6508,9361,,,
2026-09-19,TWT96U,twse,2547,516708,,,
2026-09-19,TWT96U,tpex,6509,228807,,,
2026-09-19,TWT96U,twse,2548,323048,,,
2026-09-19,TWT96U,tpex,6510,239348,,,
2026-09-19,TWT96U,twse,2597,62392,,,
2026-09-19,TWT96U,tpex,6516,12471,,,
2026-09-19,TWT96U,twse,2603,4581258,,,
2026-09-19,TWT96U,tpex,6517,228633,,,
2026-09-19,TWT96U,twse,2605,4876835,,,
2026-09-19,TWT96U,tpex,6523,6572,,,
2026-09-19,TWT96U,twse,2606,2608314,,,
2026-09-19,TWT96U,tpex,6527,7289,,,
2026-09-19,TWT96U,twse,2607,158722,,,
2026-09-19,TWT96U,tpex,6530,678078,,,
2026-09-19,TWT96U,twse,2608,75846,,,
2026-09-19,TWT96U,tpex,6532,221256,,,
2026-09-19,TWT96U,twse,2609,20912398,,,
2026-09-19,TWT96U,tpex,6538,721334,,,
2026-09-19,TWT96U,twse,2610,7907707,,,
2026-09-19,TWT96U,tpex,6542,2497,,,
2026-09-19,TWT96U,twse,2611,397575,,,
2026-09-19,TWT96U,tpex,6546,78036,,,
2026-09-19,TWT96U,twse,2612,374857,,,
2026-09-19,TWT96U,tpex,6547,1701695,,,
2026-09-19,TWT96U,twse,2613,389607,,,
2026-09-19,TWT96U,tpex,6548,757103,,,
2026-09-19,TWT96U,twse,2614,190705,,,
2026-09-19,TWT96U,tpex,6560,9715,,,
2026-09-19,TWT96U,twse,2615,10382434,,,
2026-09-19,TWT96U,tpex,6561,13290,,,
2026-09-19,TWT96U,twse,2616,26834,,,
2026-09-19,TWT96U,tpex,6568,25635,,,
2026-09-19,TWT96U,twse,2617,705584,,,
2026-09-19,TWT96U,tpex,6569,14262,,,
2026-09-19,TWT96U,twse,2618,6958782,,,
2026-09-19,TWT96U,tpex,6570,46925,,,
2026-09-19,TWT96U,twse,2630,899867,,,
2026-09-19,TWT96U,tpex,6577,15147,,,
2026-09-19,TWT96U,twse,2633,1027811,,,
2026-09-19,TWT96U,tpex,6578,15425,,,
2026-09-19,TWT96U,twse,2634,10264156,,,
2026-09-19,TWT96U,tpex,6584,301699,,,
2026-09-19,TWT96U,twse,2636,256059,,,
2026-09-19,TWT96U,tpex,6588,788775,,,
2026-09-19,TWT96U,twse,2637,1987884,,,
2026-09-19,TWT96U,tpex,6593,13020,,,
2026-09-19,TWT96U,twse,2642,13232,,,
2026-09-19,TWT96U,tpex,6596,35230,,,
2026-09-19,TWT96U,twse,2645,881562,,,
2026-09-19,TWT96U,tpex,6603,571553,,,
2026-09-19,TWT96U,twse,2646,1270529,,,
2026-09-19,TWT96U,tpex,6609,36102,,,
2026-09-19,TWT96U,twse,2701,18151,,,
2026-09-19,TWT96U,tpex,6612,9144,,,
2026-09-19,TWT96U,twse,2702,10566,,,
2026-09-19,TWT96U,tpex,6613,147811,,,
2026-09-19,TWT96U,twse,2704,70736,,,
2026-09-19,TWT96U,tpex,6615,2562,,,
2026-09-19,TWT96U,twse,2705,47136,,,
2026-09-19,TWT96U,tpex,6616,4788,,,
2026-09-19,TWT96U,twse,2706,29203,,,
2026-09-19,TWT96U,tpex,6617,370505,,,
2026-09-19,TWT96U,twse,2707,35891,,,
2026-09-19,TWT96U,tpex,6620,560598,,,
2026-09-19,TWT96U,twse,2722,11551,,,
2026-09-19,TWT96U,tpex,6624,3820,,,
2026-09-19,TWT96U,twse,2723,174552,,,
2026-09-19,TWT96U,tpex,6629,8152,,,
2026-09-19,TWT96U,twse,2727,95721,,,
2026-09-19,TWT96U,tpex,6637,14701,,,
2026-09-19,TWT96U,twse,2731,89417,,,
2026-09-19,TWT96U,tpex,6640,150077,,,
2026-09-19,TWT96U,twse,2739,33852,,,
2026-09-19,TWT96U,tpex,6642,101462,,,
2026-09-19,TWT96U,twse,2748,20490,,,
2026-09-19,TWT96U,tpex,6643,123183,,,
2026-09-19,TWT96U,twse,2753,46358,,,
2026-09-19,TWT96U,tpex,6649,10142,,,
2026-09-19,TWT96U,twse,2762,21229,,,
2026-09-19,TWT96U,tpex,6651,66097,,,
2026-09-19,TWT96U,twse,2801,7417473,,,
2026-09-19,TWT96U,tpex,6654,16170,,,
2026-09-19,TWT96U,twse,2812,4411634,,,
2026-09-19,TWT96U,tpex,6664,134902,,,
2026-09-19,TWT96U,twse,2816,202170,,,
2026-09-19,TWT96U,tpex,6667,73632,,,
2026-09-19,TWT96U,twse,2820,818515,,,
2026-09-19,TWT96U,tpex,6679,81151,,,
2026-09-19,TWT96U,twse,2832,61711,,,
2026-09-19,TWT96U,tpex,6680,904,,,
2026-09-19,TWT96U,twse,2834,19427692,,,
2026-09-19,TWT96U,tpex,6683,284208,,,
2026-09-19,TWT96U,twse,2836,465891,,,
2026-09-19,TWT96U,tpex,6684,26703,,,
2026-09-19,TWT96U,twse,2838,656287,,,
2026-09-19,TWT96U,tpex,6690,51879,,,
2026-09-19,TWT96U,twse,2845,4073840,,,
2026-09-19,TWT96U,tpex,6692,4991,,,
2026-09-19,TWT96U,twse,2849,60317,,,
2026-09-19,TWT96U,tpex,6693,366857,,,
2026-09-19,TWT96U,twse,2850,67932,,,
2026-09-19,TWT96U,tpex,6697,6453,,,
2026-09-19,TWT96U,twse,2851,1222098,,,
2026-09-19,TWT96U,tpex,6703,13839,,,
2026-09-19,TWT96U,twse,2852,167585,,,
2026-09-19,TWT96U,tpex,6708,5770,,,
2026-09-19,TWT96U,twse,2855,1213167,,,
2026-09-19,TWT96U,tpex,6712,92841,,,
2026-09-19,TWT96U,twse,2880,6961308,,,
2026-09-19,TWT96U,tpex,6716,256615,,,
2026-09-19,TWT96U,twse,2881,5575769,,,
2026-09-19,TWT96U,tpex,6720,5357,,,
2026-09-19,TWT96U,twse,2882,6441784,,,
2026-09-19,TWT96U,tpex,6725,24557,,,
2026-09-19,TWT96U,twse,2883,13483947,,,
2026-09-19,TWT96U,tpex,6727,467230,,,
2026-09-19,TWT96U,twse,2884,14009847,,,
2026-09-19,TWT96U,tpex,6728,5319,,,
2026-09-19,TWT96U,twse,2885,6650303,,,
2026-09-19,TWT96U,tpex,6730,3440,,,
2026-09-19,TWT96U,twse,2886,9421045,,,
2026-09-19,TWT96U,tpex,6732,34374,,,
2026-09-19,TWT96U,twse,2887,17779078,,,
2026-09-19,TWT96U,tpex,6735,32769,,,
2026-09-19,TWT96U,twse,2887I,921923,,,
2026-09-19,TWT96U,tpex,6739,83995,,,
2026-09-19,TWT96U,twse,2889,4352405,,,
2026-09-19,TWT96U,tpex,6741,71173,,,
2026-09-19,TWT96U,twse,2890,7751390,,,
2026-09-19,TWT96U,tpex,6751,1777,,,
2026-09-19,TWT96U,twse,2891,9932875,,,
2026-09-19,TWT96U,tpex,6752,7615,,,
2026-09-19,TWT96U,twse,2892,11479019,,,
2026-09-19,TWT96U,tpex,6761,156980,,,
2026-09-19,TWT96U,twse,2897,1486199,,,
2026-09-19,TWT96U,tpex,6763,47765,,,
2026-09-19,TWT96U,twse,2901,5547,,,
2026-09-19,TWT96U,tpex,6785,16359,,,
2026-09-19,TWT96U,twse,2903,566388,,,
2026-09-19,TWT96U,tpex,6788,78195,,,
2026-09-19,TWT96U,twse,2904,13130,,,
2026-09-19,TWT96U,tpex,6791,4132,,,
2026-09-19,TWT96U,twse,2905,464104,,,
2026-09-19,TWT96U,tpex,6803,14732,,,
2026-09-19,TWT96U,twse,2906,50031,,,
2026-09-19,TWT96U,tpex,6804,33214,,,
2026-09-19,TWT96U,twse,2908,63042,,,
2026-09-19,TWT96U,tpex,6811,64620,,,
2026-09-19,TWT96U,twse,2910,4317,,,
2026-09-19,TWT96U,tpex,6821,31707,,,
2026-09-19,TWT96U,twse,2911,29694,,,
2026-09-19,TWT96U,tpex,6823,28194,,,
2026-09-19,TWT96U,twse,2912,547428,,,
2026-09-19,TWT96U,tpex,6829,358636,,,
2026-09-19,TWT96U,twse,2913,364098,,,
2026-09-19,TWT96U,tpex,6840,172131,,,
2026-09-19,TWT96U,twse,2915,968953,,,
2026-09-19,TWT96U,tpex,6841,55284,,,
2026-09-19,TWT96U,twse,2929,59232,,,
2026-09-19,TWT96U,tpex,6843,2391,,,
2026-09-19,TWT96U,twse,2939,13496,,,
2026-09-19,TWT96U,tpex,6846,2551,,,
2026-09-19,TWT96U,twse,3002,35756,,,
2026-09-19,TWT96U,tpex,6859,16987,,,
2026-09-19,TWT96U,twse,3003,364006,,,
2026-09-19,TWT96U,tpex,6865,5967,,,
2026-09-19,TWT96U,twse,3004,116738,,,
2026-09-19,TWT96U,tpex,6870,31366,,,
2026-09-19,TWT96U,twse,3005,835680,,,
2026-09-19,TWT96U,tpex,6874,12568,,,
2026-09-19,TWT96U,twse,3006,4580367,,,
2026-09-19,TWT96U,tpex,6877,14988,,,
2026-09-19,TWT96U,twse,3008,755934,,,
2026-09-19,TWT96U,tpex,6894,16155,,,
2026-09-19,TWT96U,twse,3010,201130,,,
2026-09-19,TWT96U,tpex,6895,18644,,,
2026-09-19,TWT96U,twse,3011,178372,,,
2026-09-19,TWT96U,tpex,6899,3259,,,
2026-09-19,TWT96U,twse,3013,349132,,,
2026-09-19,TWT96U,tpex,6903,84902,,,
2026-09-19,TWT96U,twse,3014,273348,,,
2026-09-19,TWT96U,tpex,6904,351,,,
2026-09-19,TWT96U,twse,3015,112076,,,
2026-09-19,TWT96U,tpex,6907,682031,,,
2026-09-19,TWT96U,twse,3016,2551733,,,
2026-09-19,TWT96U,tpex,6910,5270,,,
2026-09-19,TWT96U,twse,3017,1143382,,,
2026-09-19,TWT96U,tpex,6913,217209,,,
2026-09-19,TWT96U,twse,3019,1572821,,,
2026-09-19,TWT96U,tpex,6922,77238,,,
2026-09-19,TWT96U,twse,3021,149341,,,
2026-09-19,TWT96U,tpex,6925,15768,,,
2026-09-19,TWT96U,twse,3022,818765,,,
2026-09-19,TWT96U,tpex,6953,13344,,,
2026-09-19,TWT96U,twse,3023,282441,,,
2026-09-19,TWT96U,tpex,6961,5964,,,
2026-09-19,TWT96U,twse,3024,395006,,,
2026-09-19,TWT96U,tpex,6967,34198,,,
2026-09-19,TWT96U,twse,3025,53777,,,
2026-09-19,TWT96U,tpex,6968,16120,,,
2026-09-19,TWT96U,twse,3026,2913980,,,
2026-09-19,TWT96U,tpex,6971,10639,,,
2026-09-19,TWT96U,twse,3027,41251,,,
2026-09-19,TWT96U,tpex,6982,7010,,,
2026-09-19,TWT96U,twse,3028,298439,,,
2026-09-19,TWT96U,tpex,6983,14599,,,
2026-09-19,TWT96U,twse,3029,737556,,,
2026-09-19,TWT96U,tpex,6996,22301,,,
2026-09-19,TWT96U,twse,3030,296499,,,
2026-09-19,TWT96U,tpex,7402,236932,,,
2026-09-19,TWT96U,twse,3031,231517,,,
2026-09-19,TWT96U,tpex,7547,5739,,,
2026-09-19,TWT96U,twse,3032,126680,,,
2026-09-19,TWT96U,tpex,7556,10167,,,
2026-09-19,TWT96U,twse,3033,1401906,,,
2026-09-19,TWT96U,tpex,7584,12104,,,
2026-09-19,TWT96U,twse,3034,999930,,,
2026-09-19,TWT96U,tpex,7642,5076,,,
2026-09-19,TWT96U,twse,3035,807261,,,
2026-09-19,TWT96U,tpex,7703,24644,,,
2026-09-19,TWT96U,twse,3036,2902027,,,
2026-09-19,TWT96U,tpex,7704,11602,,,
2026-09-19,TWT96U,twse,3037,6633395,,,
2026-09-19,TWT96U,tpex,7709,47138,,,
2026-09-19,TWT96U,twse,3038,50075,,,
2026-09-19,TWT96U,tpex,7712,92849,,,
2026-09-19,TWT96U,twse,3040,48381,,,
2026-09-19,TWT96U,tpex,7713,2589,,,
2026-09-19,TWT96U,twse,3041,182156,,,
2026-09-19,TWT96U,tpex,7714,137649,,,
2026-09-19,TWT96U,twse,3042,4469016,,,
2026-09-19,TWT96U,tpex,7715,20517,,,
2026-09-19,TWT96U,twse,3043,22806,,,
2026-09-19,TWT96U,tpex,7717,170364,,,
2026-09-19,TWT96U,twse,3044,1120881,,,
2026-09-19,TWT96U,tpex,7718,6480,,,
2026-09-19,TWT96U,twse,3045,2944801,,,
2026-09-19,TWT96U,tpex,7723,33472,,,
2026-09-19,TWT96U,twse,3046,137016,,,
2026-09-19,TWT96U,tpex,7728,8512,,,
2026-09-19,TWT96U,twse,3047,136311,,,
2026-09-19,TWT96U,tpex,7734,77845,,,
2026-09-19,TWT96U,twse,3048,758730,,,
2026-09-19,TWT96U,tpex,7738,11042,,,
2026-09-19,TWT96U,twse,3049,2892932,,,
2026-09-19,TWT96U,tpex,7743,6321,,,
2026-09-19,TWT96U,twse,3050,131471,,,
2026-09-19,TWT96U,tpex,7744,44218,,,
2026-09-19,TWT96U,twse,3051,145335,,,
2026-09-19,TWT96U,tpex,7751,146854,,,
2026-09-19,TWT96U,twse,3052,109241,,,
2026-09-19,TWT96U,tpex,7753,5099,,,
2026-09-19,TWT96U,twse,3054,33600,,,
2026-09-19,TWT96U,tpex,7757,3577,,,
2026-09-19,TWT96U,twse,3055,1085080,,,
2026-09-19,TWT96U,tpex,7767,14622,,,
2026-09-19,TWT96U,twse,3056,180050,,,
2026-09-19,TWT96U,tpex,7772,47442,,,
2026-09-19,TWT96U,twse,3059,455058,,,
2026-09-19,TWT96U,tpex,7777,581053,,,
2026-09-19,TWT96U,twse,3060,254385,,,
2026-09-19,TWT96U,tpex,7782,2890,,,
2026-09-19,TWT96U,twse,3062,281971,,,
2026-09-19,TWT96U,tpex,7792,157718,,,
2026-09-19,TWT96U,twse,3090,2969286,,,
2026-09-19,TWT96U,tpex,7805,33699,,,
2026-09-19,TWT96U,twse,3092,47570,,,
2026-09-19,TWT96U,tpex,7810,25758,,,
2026-09-19,TWT96U,twse,3094,1525545,,,
2026-09-19,TWT96U,tpex,7820,6006,,,
2026-09-19,TWT96U,twse,3130,19885,,,
2026-09-19,TWT96U,tpex,7828,86460,,,
2026-09-19,TWT96U,twse,3135,546186,,,
2026-09-19,TWT96U,tpex,8027,714981,,,
2026-09-19,TWT96U,twse,3138,67060,,,
2026-09-19,TWT96U,tpex,8032,12714,,,
2026-09-19,TWT96U,twse,3149,2033628,,,
2026-09-19,TWT96U,tpex,8034,29881,,,
2026-09-19,TWT96U,twse,3150,9990,,,
2026-09-19,TWT96U,tpex,8040,303806,,,
2026-09-19,TWT96U,twse,3164,6752,,,
2026-09-19,TWT96U,tpex,8042,1767818,,,
2026-09-19,TWT96U,twse,3167,1336611,,,
2026-09-19,TWT96U,tpex,8043,1370112,,,
2026-09-19,TWT96U,twse,3168,4454,,,
2026-09-19,TWT96U,tpex,8044,109185,,,
2026-09-19,TWT96U,twse,3189,4971141,,,
2026-09-19,TWT96U,tpex,8048,23235,,,
2026-09-19,TWT96U,twse,3209,590090,,,
2026-09-19,TWT96U,tpex,8049,44160,,,
2026-09-19,TWT96U,twse,3229,970660,,,
2026-09-19,TWT96U,tpex,8050,778868,,,
2026-09-19,TWT96U,twse,3231,15756332,,,
2026-09-19,TWT96U,tpex,8054,207286,,,
2026-09-19,TWT96U,twse,3257,63660,,,
2026-09-19,TWT96U,tpex,8064,1698399,,,
2026-09-19,TWT96U,twse,3266,9288,,,
2026-09-19,TWT96U,tpex,8066,17326,,,
2026-09-19,TWT96U,twse,3296,16576,,,
2026-09-19,TWT96U,tpex,8068,28614,,,
2026-09-19,TWT96U,twse,3305,470474,,,
2026-09-19,TWT96U,tpex,8069,2371815,,,
2026-09-19,TWT96U,twse,3308,42710,,,
2026-09-19,TWT96U,tpex,8071,188010,,,
2026-09-19,TWT96U,twse,3311,138709,,,
2026-09-19,TWT96U,tpex,8074,137098,,,
2026-09-19,TWT96U,twse,3312,357284,,,
2026-09-19,TWT96U,tpex,8076,158753,,,
2026-09-19,TWT96U,twse,3338,119042,,,
2026-09-19,TWT96U,tpex,8083,19447,,,
2026-09-19,TWT96U,twse,3346,100074,,,
2026-09-19,TWT96U,tpex,8084,152133,,,
2026-09-19,TWT96U,twse,3376,240622,,,
2026-09-19,TWT96U,tpex,8086,1229467,,,
2026-09-19,TWT96U,twse,3380,679062,,,
2026-09-19,TWT96U,tpex,8087,6390,,,
2026-09-19,TWT96U,twse,3406,1721187,,,
2026-09-19,TWT96U,tpex,8088,194022,,,
2026-09-19,TWT96U,twse,3413,284681,,,
2026-09-19,TWT96U,tpex,8089,35293,,,
2026-09-19,TWT96U,twse,3416,112036,,,
2026-09-19,TWT96U,tpex,8091,95140,,,
2026-09-19,TWT96U,twse,3437,218172,,,
2026-09-19,TWT96U,tpex,8092,12683,,,
2026-09-19,TWT96U,twse,3443,653023,,,
2026-09-19,TWT96U,tpex,8096,1239829,,,
2026-09-19,TWT96U,twse,3447,33469,,,
2026-09-19,TWT96U,tpex,8097,39429,,,
2026-09-19,TWT96U,twse,3450,2972964,,,
2026-09-19,TWT96U,tpex,8099,77628,,,
2026-09-19,TWT96U,twse,3481,8688733,,,
2026-09-19,TWT96U,tpex,8102,4633,,,
2026-09-19,TWT96U,twse,3501,37320,,,
2026-09-19,TWT96U,tpex,8107,13118,,,
2026-09-19,TWT96U,twse,3504,1035276,,,
2026-09-19,TWT96U,tpex,8109,107377,,,
2026-09-19,TWT96U,twse,3515,219637,,,
2026-09-19,TWT96U,tpex,8111,3254000,,,
2026-09-19,TWT96U,twse,3518,228244,,,
2026-09-19,TWT96U,tpex,8121,169419,,,
2026-09-19,TWT96U,twse,3528,70661,,,
2026-09-19,TWT96U,tpex,8147,55445,,,
2026-09-19,TWT96U,twse,3530,43946,,,
2026-09-19,TWT96U,tpex,8155,208631,,,
2026-09-19,TWT96U,twse,3532,2712866,,,
2026-09-19,TWT96U,tpex,8171,33650,,,
2026-09-19,TWT96U,twse,3533,430414,,,
2026-09-19,TWT96U,tpex,8182,245813,,,
2026-09-19,TWT96U,twse,3535,193642,,,
2026-09-19,TWT96U,tpex,8227,667718,,,
2026-09-19,TWT96U,twse,3543,904954,,,
2026-09-19,TWT96U,tpex,8234,207345,,,
2026-09-19,TWT96U,twse,3545,202497,,,
2026-09-19,TWT96U,tpex,8240,245108,,,
2026-09-19,TWT96U,twse,3550,477823,,,
2026-09-19,TWT96U,tpex,8255,102911,,,
2026-09-19,TWT96U,twse,3557,10482,,,
2026-09-19,TWT96U,tpex,8279,15640,,,
2026-09-19,TWT96U,twse,3563,125506,,,
2026-09-19,TWT96U,tpex,8284,14572,,,
2026-09-19,TWT96U,twse,3583,296084,,,
2026-09-19,TWT96U,tpex,8289,130004,,,
2026-09-19,TWT96U,twse,3588,53275,,,
2026-09-19,TWT96U,tpex,8299,1471044,,,
2026-09-19,TWT96U,twse,3592,109179,,,
2026-09-19,TWT96U,tpex,8342,2993,,,
2026-09-19,TWT96U,twse,3596,373634,,,
2026-09-19,TWT96U,tpex,8349,24801,,,
2026-09-19,TWT96U,twse,3605,4258254,,,
2026-09-19,TWT96U,tpex,8354,46408,,,
2026-09-19,TWT96U,twse,3607,51160,,,
2026-09-19,TWT96U,tpex,8358,569800,,,
2026-09-19,TWT96U,twse,3617,203943,,,
2026-09-19,TWT96U,tpex,8383,557290,,,
2026-09-19,TWT96U,twse,3622,137897,,,
2026-09-19,TWT96U,tpex,8390,125902,,,
2026-09-19,TWT96U,twse,3645,662667,,,
2026-09-19,TWT96U,tpex,8401,9199,,,
2026-09-19,TWT96U,twse,3652,232957,,,
2026-09-19,TWT96U,tpex,8403,27714,,,
2026-09-19,TWT96U,twse,3653,420863,,,
2026-09-19,TWT96U,tpex,8410,7929,,,
2026-09-19,TWT96U,twse,3661,766403,,,
2026-09-19,TWT96U,tpex,8415,171479,,,
2026-09-19,TWT96U,twse,3665,888288,,,
2026-09-19,TWT96U,tpex,8421,86685,,,
2026-09-19,TWT96U,twse,3669,72793,,,
2026-09-19,TWT96U,tpex,8423,5725,,,
2026-09-19,TWT96U,twse,3673,1324768,,,
2026-09-19,TWT96U,tpex,8424,2935,,,
2026-09-19,TWT96U,twse,3679,12166,,,
2026-09-19,TWT96U,tpex,8426,6384,,,
2026-09-19,TWT96U,twse,3694,228661,,,
2026-09-19,TWT96U,tpex,8431,535032,,,
2026-09-19,TWT96U,twse,3701,301776,,,
2026-09-19,TWT96U,tpex,8432,9179,,,
2026-09-19,TWT96U,twse,3702,3253471,,,
2026-09-19,TWT96U,tpex,8433,4717,,,
2026-09-19,TWT96U,twse,3703,538874,,,
2026-09-19,TWT96U,tpex,8435,6762,,,
2026-09-19,TWT96U,twse,3704,935527,,,
2026-09-19,TWT96U,tpex,8436,306912,,,
2026-09-19,TWT96U,twse,3705,52034,,,
2026-09-19,TWT96U,tpex,8437,6068,,,
2026-09-19,TWT96U,twse,3706,3142361,,,
2026-09-19,TWT96U,tpex,8440,17150,,,
2026-09-19,TWT96U,twse,3708,156640,,,
2026-09-19,TWT96U,tpex,8446,12330,,,
2026-09-19,TWT96U,twse,3711,5285442,,,
2026-09-19,TWT96U,tpex,8472,5025,,,
2026-09-19,TWT96U,twse,3712,357774,,,
2026-09-19,TWT96U,tpex,8489,8461,,,
2026-09-19,TWT96U,twse,3714,3590773,,,
2026-09-19,TWT96U,tpex,8905,2602,,,
2026-09-19,TWT96U,twse,3715,289408,,,
2026-09-19,TWT96U,tpex,8906,6459,,,
2026-09-19,TWT96U,twse,3716,150067,,,
2026-09-19,TWT96U,tpex,8908,9768,,,
2026-09-19,TWT96U,twse,3717,527640,,,
2026-09-19,TWT96U,tpex,8916,26744,,,
2026-09-19,TWT96U,twse,4104,41661,,,
2026-09-19,TWT96U,tpex,8917,6407,,,
2026-09-19,TWT96U,twse,4106,43929,,,
2026-09-19,TWT96U,tpex,8923,2876,,,
2026-09-19,TWT96U,twse,4119,74743,,,
2026-09-19,TWT96U,tpex,8924,18656,,,
2026-09-19,TWT96U,twse,4133,21274,,,
2026-09-19,TWT96U,tpex,8927,34327,,,
2026-09-19,TWT96U,twse,4137,77042,,,
2026-09-19,TWT96U,tpex,8928,9395,,,
2026-09-19,TWT96U,twse,4142,287996,,,
2026-09-19,TWT96U,tpex,8929,5150,,,
2026-09-19,TWT96U,twse,4148,20984,,,
2026-09-19,TWT96U,tpex,8930,10233,,,
2026-09-19,TWT96U,twse,4155,76141,,,
2026-09-19,TWT96U,tpex,8931,18601,,,
2026-09-19,TWT96U,twse,4164,106708,,,
2026-09-19,TWT96U,tpex,8932,919671,,,
2026-09-19,TWT96U,twse,4190,3239,,,
2026-09-19,TWT96U,tpex,8936,286698,,,
2026-09-19,TWT96U,twse,4306,316119,,,
2026-09-19,TWT96U,tpex,8938,28426,,,
2026-09-19,TWT96U,twse,4414,48340,,,
2026-09-19,TWT96U,tpex,8941,2043,,,
2026-09-19,TWT96U,twse,4426,27533,,,
2026-09-19,TWT96U,tpex,8942,82439,,,
2026-09-19,TWT96U,twse,4438,31053,,,
2026-09-19,TWT96U,tpex,9949,36417,,,
2026-09-19,TWT96U,twse,4439,13209,,,
2026-09-19,TWT96U,tpex,9951,19347,,,
2026-09-19,TWT96U,twse,4440,30003,,,
2026-09-19,TWT96U,tpex,9960,11540,,,
2026-09-19,TWT96U,twse,4441,26653,,,
2026-09-19,TWT96U,tpex,9962,15050,,,
2026-09-19,TWT96U,twse,4526,622519,,,
2026-09-19,TWT96U,tpex,_,,,,
2026-09-19,TWT96U,twse,4532,211024,,,
2026-09-19,TWT96U,tpex,_,,,,
2026-09-19,TWT96U,twse,4536,49463,,,
2026-09-19,TWT96U,tpex,_,,,,
2026-09-19,TWT96U,twse,4540,990387,,,
2026-09-19,TWT96U,tpex,_,,,,
2026-09-19,TWT96U,twse,4545,24039,,,
2026-09-19,TWT96U,tpex,_,,,,
2026-09-19,TWT96U,twse,4551,350758,,,
2026-09-19,TWT96U,tpex,_,,,,
2026-09-19,TWT96U,twse,4552,44668,,,
2026-09-19,TWT96U,tpex,_,,,,
2026-09-19,TWT96U,twse,4555,71533,,,
2026-09-19,TWT96U,tpex,_,,,,
2026-09-19,TWT96U,twse,4557,17195,,,
2026-09-19,TWT96U,tpex,_,,,,
2026-09-19,TWT96U,twse,4560,108424,,,
2026-09-19,TWT96U,tpex,_,,,,
2026-09-19,TWT96U,twse,4562,71444,,,
2026-09-19,TWT96U,tpex,_,,,,
2026-09-19,TWT96U,twse,4564,270285,,,
2026-09-19,TWT96U,tpex,_,,,,
2026-09-19,TWT96U,twse,4566,677259,,,
2026-09-19,TWT96U,tpex,_,,,,
2026-09-19,TWT96U,twse,4569,31149,,,
2026-09-19,TWT96U,tpex,_,,,,
2026-09-19,TWT96U,twse,4571,63955,,,
2026-09-19,TWT96U,tpex,_,,,,
2026-09-19,TWT96U,twse,4572,5309,,,
2026-09-19,TWT96U,tpex,_,,,,
2026-09-19,TWT96U,twse,4576,946916,,,
2026-09-19,TWT96U,tpex,_,,,,
2026-09-19,TWT96U,twse,4581,3691,,,
2026-09-19,TWT96U,tpex,_,,,,
2026-09-19,TWT96U,twse,4583,37127,,,
2026-09-19,TWT96U,tpex,_,,,,
2026-09-19,TWT96U,twse,4585,87275,,,
2026-09-19,TWT96U,tpex,_,,,,
2026-09-19,TWT96U,twse,4588,14809,,,
2026-09-19,TWT96U,tpex,_,,,,
2026-09-19,TWT96U,twse,4590,136433,,,
2026-09-19,TWT96U,tpex,_,,,,
2026-09-19,TWT96U,twse,4720,189981,,,
2026-09-19,TWT96U,tpex,_,,,,
2026-09-19,TWT96U,twse,4722,253572,,,
2026-09-19,TWT96U,tpex,_,,,,
2026-09-19,TWT96U,twse,4736,115737,,,
2026-09-19,TWT96U,tpex,_,,,,
2026-09-19,TWT96U,twse,4737,25080,,,
2026-09-19,TWT96U,tpex,_,,,,
2026-09-19,TWT96U,twse,4739,461949,,,
2026-09-19,TWT96U,tpex,_,,,,
2026-09-19,TWT96U,twse,4746,214172,,,
2026-09-19,TWT96U,tpex,_,,,,
2026-09-19,TWT96U,twse,4755,54212,,,
2026-09-19,TWT96U,tpex,_,,,,
2026-09-19,TWT96U,twse,4763,2565770,,,
2026-09-19,TWT96U,tpex,_,,,,
2026-09-19,TWT96U,twse,4764,406099,,,
2026-09-19,TWT96U,tpex,_,,,,
2026-09-19,TWT96U,twse,4766,55310,,,
2026-09-19,TWT96U,tpex,_,,,,
2026-09-19,TWT96U,twse,4770,152417,,,
2026-09-19,TWT96U,tpex,_,,,,
2026-09-19,TWT96U,twse,4771,74912,,,
2026-09-19,TWT96U,tpex,_,,,,
2026-09-19,TWT96U,twse,4807,67258,,,
2026-09-19,TWT96U,tpex,_,,,,
2026-09-19,TWT96U,twse,4904,1519051,,,
2026-09-19,TWT96U,tpex,_,,,,
2026-09-19,TWT96U,twse,4906,1490601,,,
2026-09-19,TWT96U,tpex,_,,,,
2026-09-19,TWT96U,twse,4912,191568,,,
2026-09-19,TWT96U,tpex,_,,,,
2026-09-19,TWT96U,twse,4915,895082,,,
2026-09-19,TWT96U,tpex,_,,,,
2026-09-19,TWT96U,twse,4916,802150,,,
2026-09-19,TWT96U,tpex,_,,,,
2026-09-19,TWT96U,twse,4919,861874,,,
2026-09-19,TWT96U,tpex,_,,,,
2026-09-19,TWT96U,twse,4927,1209008,,,
2026-09-19,TWT96U,tpex,_,,,,
2026-09-19,TWT96U,twse,4930,11373,,,
2026-09-19,TWT96U,tpex,_,,,,
2026-09-19,TWT96U,twse,4935,24644,,,
2026-09-19,TWT96U,tpex,_,,,,
2026-09-19,TWT96U,twse,4938,3502047,,,
2026-09-19,TWT96U,tpex,_,,,,
2026-09-19,TWT96U,twse,4942,30076,,,
2026-09-19,TWT96U,tpex,_,,,,
2026-09-19,TWT96U,twse,4949,253114,,,
2026-09-19,TWT96U,tpex,_,,,,
2026-09-19,TWT96U,twse,4952,124202,,,
2026-09-19,TWT96U,tpex,_,,,,
2026-09-19,TWT96U,twse,4956,894323,,,
2026-09-19,TWT96U,tpex,_,,,,
2026-09-19,TWT96U,twse,4958,9592545,,,
2026-09-19,TWT96U,tpex,_,,,,
2026-09-19,TWT96U,twse,4960,783755,,,
2026-09-19,TWT96U,tpex,_,,,,
2026-09-19,TWT96U,twse,4961,241927,,,
2026-09-19,TWT96U,tpex,_,,,,
2026-09-19,TWT96U,twse,4967,1342853,,,
2026-09-19,TWT96U,tpex,_,,,,
2026-09-19,TWT96U,twse,4968,102822,,,
2026-09-19,TWT96U,tpex,_,,,,
2026-09-19,TWT96U,twse,4976,1059589,,,
2026-09-19,TWT96U,tpex,_,,,,
2026-09-19,TWT96U,twse,4977,1333846,,,
2026-09-19,TWT96U,tpex,_,,,,
2026-09-19,TWT96U,twse,4989,1596469,,,
2026-09-19,TWT96U,tpex,_,,,,
2026-09-19,TWT96U,twse,4994,4038,,,
2026-09-19,TWT96U,tpex,_,,,,
2026-09-19,TWT96U,twse,4999,13777,,,
2026-09-19,TWT96U,tpex,_,,,,
2026-09-19,TWT96U,twse,5007,14829,,,
2026-09-19,TWT96U,tpex,_,,,,
2026-09-19,TWT96U,twse,5203,43830,,,
2026-09-19,TWT96U,tpex,_,,,,
2026-09-19,TWT96U,twse,5215,17550,,,
2026-09-19,TWT96U,tpex,_,,,,
2026-09-19,TWT96U,twse,5222,66909,,,
2026-09-19,TWT96U,tpex,_,,,,
2026-09-19,TWT96U,twse,5225,115143,,,
2026-09-19,TWT96U,tpex,_,,,,
2026-09-19,TWT96U,twse,5234,65979,,,
2026-09-19,TWT96U,tpex,_,,,,
2026-09-19,TWT96U,twse,5236,30140,,,
2026-09-19,TWT96U,tpex,_,,,,
2026-09-19,TWT96U,twse,5243,288057,,,
2026-09-19,TWT96U,tpex,_,,,,
2026-09-19,TWT96U,twse,5244,41355,,,
2026-09-19,TWT96U,tpex,_,,,,
2026-09-19,TWT96U,twse,5258,113277,,,
2026-09-19,TWT96U,tpex,_,,,,
2026-09-19,TWT96U,twse,5269,164741,,,
2026-09-19,TWT96U,tpex,_,,,,
2026-09-19,TWT96U,twse,5283,34638,,,
2026-09-19,TWT96U,tpex,_,,,,
2026-09-19,TWT96U,twse,5284,125818,,,
2026-09-19,TWT96U,tpex,_,,,,
2026-09-19,TWT96U,twse,5285,360259,,,
2026-09-19,TWT96U,tpex,_,,,,
2026-09-19,TWT96U,twse,5288,33401,,,
2026-09-19,TWT96U,tpex,_,,,,
2026-09-19,TWT96U,twse,5292,79313,,,
2026-09-19,TWT96U,tpex,_,,,,
2026-09-19,TWT96U,twse,5306,42549,,,
2026-09-19,TWT96U,tpex,_,,,,
2026-09-19,TWT96U,twse,5388,1160597,,,
2026-09-19,TWT96U,tpex,_,,,,
2026-09-19,TWT96U,twse,5434,214423,,,
2026-09-19,TWT96U,tpex,_,,,,
2026-09-19,TWT96U,twse,5469,406931,,,
2026-09-19,TWT96U,tpex,_,,,,
2026-09-19,TWT96U,twse,5471,799388,,,
2026-09-19,TWT96U,tpex,_,,,,
2026-09-19,TWT96U,twse,5515,206738,,,
2026-09-19,TWT96U,tpex,_,,,,
2026-09-19,TWT96U,twse,5519,82541,,,
2026-09-19,TWT96U,tpex,_,,,,
2026-09-19,TWT96U,twse,5521,545183,,,
2026-09-19,TWT96U,tpex,_,,,,
2026-09-19,TWT96U,twse,5522,215242,,,
2026-09-19,TWT96U,tpex,_,,,,
2026-09-19,TWT96U,twse,5525,24685,,,
2026-09-19,TWT96U,tpex,_,,,,
2026-09-19,TWT96U,twse,5531,152369,,,
2026-09-19,TWT96U,tpex,_,,,,
2026-09-19,TWT96U,twse,5533,39164,,,
2026-09-19,TWT96U,tpex,_,,,,
2026-09-19,TWT96U,twse,5534,258052,,,
2026-09-19,TWT96U,tpex,_,,,,
2026-09-19,TWT96U,twse,5538,47337,,,
2026-09-19,TWT96U,tpex,_,,,,
2026-09-19,TWT96U,twse,5546,12767,,,
2026-09-19,TWT96U,tpex,_,,,,
2026-09-19,TWT96U,twse,5607,361490,,,
2026-09-19,TWT96U,tpex,_,,,,
2026-09-19,TWT96U,twse,5608,3684681,,,
2026-09-19,TWT96U,tpex,_,,,,
2026-09-19,TWT96U,twse,5706,29985,,,
2026-09-19,TWT96U,tpex,_,,,,
2026-09-19,TWT96U,twse,5871,1849512,,,
2026-09-19,TWT96U,tpex,_,,,,
2026-09-19,TWT96U,twse,5876,2365746,,,
2026-09-19,TWT96U,tpex,_,,,,
2026-09-19,TWT96U,twse,5880,6511737,,,
2026-09-19,TWT96U,tpex,_,,,,
2026-09-19,TWT96U,twse,5906,563,,,
2026-09-19,TWT96U,tpex,_,,,,
2026-09-19,TWT96U,twse,5907,98154,,,
2026-09-19,TWT96U,tpex,_,,,,
2026-09-19,TWT96U,twse,6005,1964359,,,
2026-09-19,TWT96U,tpex,_,,,,
2026-09-19,TWT96U,twse,6024,96404,,,
2026-09-19,TWT96U,tpex,_,,,,
2026-09-19,TWT96U,twse,6108,1071273,,,
2026-09-19,TWT96U,tpex,_,,,,
2026-09-19,TWT96U,twse,6112,550068,,,
2026-09-19,TWT96U,tpex,_,,,,
2026-09-19,TWT96U,twse,6115,55255,,,
2026-09-19,TWT96U,tpex,_,,,,
2026-09-19,TWT96U,twse,6116,9352232,,,
2026-09-19,TWT96U,tpex,_,,,,
2026-09-19,TWT96U,twse,6117,51126,,,
2026-09-19,TWT96U,tpex,_,,,,
2026-09-19,TWT96U,twse,6120,446444,,,
2026-09-19,TWT96U,tpex,_,,,,
2026-09-19,TWT96U,twse,6128,27326,,,
2026-09-19,TWT96U,tpex,_,,,,
2026-09-19,TWT96U,twse,6133,453751,,,
2026-09-19,TWT96U,tpex,_,,,,
2026-09-19,TWT96U,twse,6136,67761,,,
2026-09-19,TWT96U,tpex,_,,,,
2026-09-19,TWT96U,twse,6139,702227,,,
2026-09-19,TWT96U,tpex,_,,,,
2026-09-19,TWT96U,twse,6153,793685,,,
2026-09-19,TWT96U,tpex,_,,,,
2026-09-19,TWT96U,twse,6155,624453,,,
2026-09-19,TWT96U,tpex,_,,,,
2026-09-19,TWT96U,twse,6164,110943,,,
2026-09-19,TWT96U,tpex,_,,,,
2026-09-19,TWT96U,twse,6165,115449,,,
2026-09-19,TWT96U,tpex,_,,,,
2026-09-19,TWT96U,twse,6166,546996,,,
2026-09-19,TWT96U,tpex,_,,,,
2026-09-19,TWT96U,twse,6168,1698124,,,
2026-09-19,TWT96U,tpex,_,,,,
2026-09-19,TWT96U,twse,6176,1233184,,,
2026-09-19,TWT96U,tpex,_,,,,
2026-09-19,TWT96U,twse,6177,581099,,,
2026-09-19,TWT96U,tpex,_,,,,
2026-09-19,TWT96U,twse,6183,8832,,,
2026-09-19,TWT96U,tpex,_,,,,
2026-09-19,TWT96U,twse,6184,33394,,,
2026-09-19,TWT96U,tpex,_,,,,
2026-09-19,TWT96U,twse,6189,104675,,,
2026-09-19,TWT96U,tpex,_,,,,
2026-09-19,TWT96U,twse,6191,461231,,,
2026-09-19,TWT96U,tpex,_,,,,
2026-09-19,TWT96U,twse,6192,52966,,,
2026-09-19,TWT96U,tpex,_,,,,
2026-09-19,TWT96U,twse,6196,402215,,,
2026-09-19,TWT96U,tpex,_,,,,
2026-09-19,TWT96U,twse,6197,459490,,,
2026-09-19,TWT96U,tpex,_,,,,
2026-09-19,TWT96U,twse,6201,8070,,,
2026-09-19,TWT96U,tpex,_,,,,
2026-09-19,TWT96U,twse,6202,418761,,,
2026-09-19,TWT96U,tpex,_,,,,
2026-09-19,TWT96U,twse,6205,143799,,,
2026-09-19,TWT96U,tpex,_,,,,
2026-09-19,TWT96U,twse,6206,550407,,,
2026-09-19,TWT96U,tpex,_,,,,
2026-09-19,TWT96U,twse,6209,2985768,,,
2026-09-19,TWT96U,tpex,_,,,,
2026-09-19,TWT96U,twse,6213,5103740,,,
2026-09-19,TWT96U,tpex,_,,,,
2026-09-19,TWT96U,twse,6214,896108,,,
2026-09-19,TWT96U,tpex,_,,,,
2026-09-19,TWT96U,twse,6215,308193,,,
2026-09-19,TWT96U,tpex,_,,,,
2026-09-19,TWT96U,twse,6216,45939,,,
2026-09-19,TWT96U,tpex,_,,,,
2026-09-19,TWT96U,twse,6224,539644,,,
2026-09-19,TWT96U,tpex,_,,,,
2026-09-19,TWT96U,twse,6226,6425395,,,
2026-09-19,TWT96U,tpex,_,,,,
2026-09-19,TWT96U,twse,6230,19616,,,
2026-09-19,TWT96U,tpex,_,,,,
2026-09-19,TWT96U,twse,6235,91389,,,
2026-09-19,TWT96U,tpex,_,,,,
2026-09-19,TWT96U,twse,6239,4003752,,,
2026-09-19,TWT96U,tpex,_,,,,
2026-09-19,TWT96U,twse,6243,351815,,,
2026-09-19,TWT96U,tpex,_,,,,
2026-09-19,TWT96U,twse,6257,2152569,,,
2026-09-19,TWT96U,tpex,_,,,,
2026-09-19,TWT96U,twse,6269,2389037,,,
2026-09-19,TWT96U,tpex,_,,,,
2026-09-19,TWT96U,twse,6271,1555179,,,
2026-09-19,TWT96U,tpex,_,,,,
2026-09-19,TWT96U,twse,6272,127881,,,
2026-09-19,TWT96U,tpex,_,,,,
2026-09-19,TWT96U,twse,6277,127587,,,
2026-09-19,TWT96U,tpex,_,,,,
2026-09-19,TWT96U,twse,6278,1695837,,,
2026-09-19,TWT96U,tpex,_,,,,
2026-09-19,TWT96U,twse,6281,10149,,,
2026-09-19,TWT96U,tpex,_,,,,
2026-09-19,TWT96U,twse,6282,1974915,,,
2026-09-19,TWT96U,tpex,_,,,,
2026-09-19,TWT96U,twse,6283,31827,,,
2026-09-19,TWT96U,tpex,_,,,,
2026-09-19,TWT96U,twse,6285,1282824,,,
2026-09-19,TWT96U,tpex,_,,,,
2026-09-19,TWT96U,twse,6405,138936,,,
2026-09-19,TWT96U,tpex,_,,,,
2026-09-19,TWT96U,twse,6409,144261,,,
2026-09-19,TWT96U,tpex,_,,,,
2026-09-19,TWT96U,twse,6412,176184,,,
2026-09-19,TWT96U,tpex,_,,,,
2026-09-19,TWT96U,twse,6414,500877,,,
2026-09-19,TWT96U,tpex,_,,,,
2026-09-19,TWT96U,twse,6415,1009576,,,
2026-09-19,TWT96U,tpex,_,,,,
2026-09-19,TWT96U,twse,6416,289644,,,
2026-09-19,TWT96U,tpex,_,,,,
2026-09-19,TWT96U,twse,6426,889446,,,
2026-09-19,TWT96U,tpex,_,,,,
2026-09-19,TWT96U,twse,6438,111525,,,
2026-09-19,TWT96U,tpex,_,,,,
2026-09-19,TWT96U,twse,6442,889126,,,
2026-09-19,TWT96U,tpex,_,,,,
2026-09-19,TWT96U,twse,6443,1050189,,,
2026-09-19,TWT96U,tpex,_,,,,
2026-09-19,TWT96U,twse,6446,1243429,,,
2026-09-19,TWT96U,tpex,_,,,,
2026-09-19,TWT96U,twse,6449,395382,,,
2026-09-19,TWT96U,tpex,_,,,,
2026-09-19,TWT96U,twse,6451,1367370,,,
2026-09-19,TWT96U,tpex,_,,,,
2026-09-19,TWT96U,twse,6456,1149711,,,
2026-09-19,TWT96U,tpex,_,,,,
2026-09-19,TWT96U,twse,6464,32270,,,
2026-09-19,TWT96U,tpex,_,,,,
2026-09-19,TWT96U,twse,6472,293418,,,
2026-09-19,TWT96U,tpex,_,,,,
2026-09-19,TWT96U,twse,6477,569503,,,
2026-09-19,TWT96U,tpex,_,,,,
2026-09-19,TWT96U,twse,6491,119387,,,
2026-09-19,TWT96U,tpex,_,,,,
2026-09-19,TWT96U,twse,6504,9254,,,
2026-09-19,TWT96U,tpex,_,,,,
2026-09-19,TWT96U,twse,6505,7605633,,,
2026-09-19,TWT96U,tpex,_,,,,
2026-09-19,TWT96U,twse,6515,144297,,,
2026-09-19,TWT96U,tpex,_,,,,
2026-09-19,TWT96U,twse,6525,471317,,,
2026-09-19,TWT96U,tpex,_,,,,
2026-09-19,TWT96U,twse,6526,135765,,,
2026-09-19,TWT96U,tpex,_,,,,
2026-09-19,TWT96U,twse,6531,1060274,,,
2026-09-19,TWT96U,tpex,_,,,,
2026-09-19,TWT96U,twse,6533,510450,,,
2026-09-19,TWT96U,tpex,_,,,,
2026-09-19,TWT96U,twse,6534,19207,,,
2026-09-19,TWT96U,tpex,_,,,,
2026-09-19,TWT96U,twse,6541,103439,,,
2026-09-19,TWT96U,tpex,_,,,,
2026-09-19,TWT96U,twse,6552,22558,,,
2026-09-19,TWT96U,tpex,_,,,,
2026-09-19,TWT96U,twse,6558,47932,,,
2026-09-19,TWT96U,tpex,_,,,,
2026-09-19,TWT96U,twse,6579,136798,,,
2026-09-19,TWT96U,tpex,_,,,,
2026-09-19,TWT96U,twse,6581,5953,,,
2026-09-19,TWT96U,tpex,_,,,,
2026-09-19,TWT96U,twse,6582,11502,,,
2026-09-19,TWT96U,tpex,_,,,,
2026-09-19,TWT96U,twse,6585,62834,,,
2026-09-19,TWT96U,tpex,_,,,,
2026-09-19,TWT96U,twse,6589,201388,,,
2026-09-19,TWT96U,tpex,_,,,,
2026-09-19,TWT96U,twse,6591,30339,,,
2026-09-19,TWT96U,tpex,_,,,,
2026-09-19,TWT96U,twse,6592,110088,,,
2026-09-19,TWT96U,tpex,_,,,,
2026-09-19,TWT96U,twse,6605,111756,,,
2026-09-19,TWT96U,tpex,_,,,,
2026-09-19,TWT96U,twse,6606,33853,,,
2026-09-19,TWT96U,tpex,_,,,,
2026-09-19,TWT96U,twse,6614,8584,,,
2026-09-19,TWT96U,tpex,_,,,,
2026-09-19,TWT96U,twse,6625,25413,,,
2026-09-19,TWT96U,tpex,_,,,,
2026-09-19,TWT96U,twse,6641,11675,,,
2026-09-19,TWT96U,tpex,_,,,,
2026-09-19,TWT96U,twse,6655,2178,,,
2026-09-19,TWT96U,tpex,_,,,,
2026-09-19,TWT96U,twse,6657,54421,,,
2026-09-19,TWT96U,tpex,_,,,,
2026-09-19,TWT96U,twse,6658,99308,,,
2026-09-19,TWT96U,tpex,_,,,,
2026-09-19,TWT96U,twse,6666,9196,,,
2026-09-19,TWT96U,tpex,_,,,,
2026-09-19,TWT96U,twse,6668,624246,,,
2026-09-19,TWT96U,tpex,_,,,,
2026-09-19,TWT96U,twse,6669,886191,,,
2026-09-19,TWT96U,tpex,_,,,,
2026-09-19,TWT96U,twse,6670,58780,,,
2026-09-19,TWT96U,tpex,_,,,,
2026-09-19,TWT96U,twse,6671,12134,,,
2026-09-19,TWT96U,tpex,_,,,,
2026-09-19,TWT96U,twse,6672,1574034,,,
2026-09-19,TWT96U,tpex,_,,,,
2026-09-19,TWT96U,twse,6674,14451,,,
2026-09-19,TWT96U,tpex,_,,,,
2026-09-19,TWT96U,twse,6689,172965,,,
2026-09-19,TWT96U,tpex,_,,,,
2026-09-19,TWT96U,twse,6691,187427,,,
2026-09-19,TWT96U,tpex,_,,,,
2026-09-19,TWT96U,twse,6695,116883,,,
2026-09-19,TWT96U,tpex,_,,,,
2026-09-19,TWT96U,twse,6698,39596,,,
2026-09-19,TWT96U,tpex,_,,,,
2026-09-19,TWT96U,twse,6706,1129148,,,
2026-09-19,TWT96U,tpex,_,,,,
2026-09-19,TWT96U,twse,6715,445439,,,
2026-09-19,TWT96U,tpex,_,,,,
2026-09-19,TWT96U,twse,6719,207009,,,
2026-09-19,TWT96U,tpex,_,,,,
2026-09-19,TWT96U,twse,6722,7443,,,
2026-09-19,TWT96U,tpex,_,,,,
2026-09-19,TWT96U,twse,6742,128256,,,
2026-09-19,TWT96U,tpex,_,,,,
2026-09-19,TWT96U,twse,6743,80401,,,
2026-09-19,TWT96U,tpex,_,,,,
2026-09-19,TWT96U,twse,6753,521823,,,
2026-09-19,TWT96U,tpex,_,,,,
2026-09-19,TWT96U,twse,6754,3235,,,
2026-09-19,TWT96U,tpex,_,,,,
2026-09-19,TWT96U,twse,6756,37469,,,
2026-09-19,TWT96U,tpex,_,,,,
2026-09-19,TWT96U,twse,6757,277339,,,
2026-09-19,TWT96U,tpex,_,,,,
2026-09-19,TWT96U,twse,6768,122792,,,
2026-09-19,TWT96U,tpex,_,,,,
2026-09-19,TWT96U,twse,6770,55072724,,,
2026-09-19,TWT96U,tpex,_,,,,
2026-09-19,TWT96U,twse,6771,14572,,,
2026-09-19,TWT96U,tpex,_,,,,
2026-09-19,TWT96U,twse,6776,25959,,,
2026-09-19,TWT96U,tpex,_,,,,
2026-09-19,TWT96U,twse,6781,202571,,,
2026-09-19,TWT96U,tpex,_,,,,
2026-09-19,TWT96U,twse,6782,170179,,,
2026-09-19,TWT96U,tpex,_,,,,
2026-09-19,TWT96U,twse,6789,423834,,,
2026-09-19,TWT96U,tpex,_,,,,
2026-09-19,TWT96U,twse,6790,35422,,,
2026-09-19,TWT96U,tpex,_,,,,
2026-09-19,TWT96U,twse,6792,10586,,,
2026-09-19,TWT96U,tpex,_,,,,
2026-09-19,TWT96U,twse,6794,10338,,,
2026-09-19,TWT96U,tpex,_,,,,
2026-09-19,TWT96U,twse,6796,25686,,,
2026-09-19,TWT96U,tpex,_,,,,
2026-09-19,TWT96U,twse,6799,53270,,,
2026-09-19,TWT96U,tpex,_,,,,
2026-09-19,TWT96U,twse,6805,541165,,,
2026-09-19,TWT96U,tpex,_,,,,
2026-09-19,TWT96U,twse,6807,2690,,,
2026-09-19,TWT96U,tpex,_,,,,
2026-09-19,TWT96U,twse,6830,715653,,,
2026-09-19,TWT96U,tpex,_,,,,
2026-09-19,TWT96U,twse,6831,294818,,,
2026-09-19,TWT96U,tpex,_,,,,
2026-09-19,TWT96U,twse,6834,1473703,,,
2026-09-19,TWT96U,tpex,_,,,,
2026-09-19,TWT96U,twse,6835,5968,,,
2026-09-19,TWT96U,tpex,_,,,,
2026-09-19,TWT96U,twse,6854,60502,,,
2026-09-19,TWT96U,tpex,_,,,,
2026-09-19,TWT96U,twse,6861,252299,,,
2026-09-19,TWT96U,tpex,_,,,,
2026-09-19,TWT96U,twse,6862,43458,,,
2026-09-19,TWT96U,tpex,_,,,,
2026-09-19,TWT96U,twse,6863,50298,,,
2026-09-19,TWT96U,tpex,_,,,,
2026-09-19,TWT96U,twse,6869,123905,,,
2026-09-19,TWT96U,tpex,_,,,,
2026-09-19,TWT96U,twse,6873,119541,,,
2026-09-19,TWT96U,tpex,_,,,,
2026-09-19,TWT96U,twse,6885,177462,,,
2026-09-19,TWT96U,tpex,_,,,,
2026-09-19,TWT96U,twse,6887,9599,,,
2026-09-19,TWT96U,tpex,_,,,,
2026-09-19,TWT96U,twse,6890,84455,,,
2026-09-19,TWT96U,tpex,_,,,,
2026-09-19,TWT96U,twse,6901,539739,,,
2026-09-19,TWT96U,tpex,_,,,,
2026-09-19,TWT96U,twse,6902,23121,,,
2026-09-19,TWT96U,tpex,_,,,,
2026-09-19,TWT96U,twse,6906,29022,,,
2026-09-19,TWT96U,tpex,_,,,,
2026-09-19,TWT96U,twse,6909,80513,,,
2026-09-19,TWT96U,tpex,_,,,,
2026-09-19,TWT96U,twse,6914,29083,,,
2026-09-19,TWT96U,tpex,_,,,,
2026-09-19,TWT96U,twse,6916,7683,,,
2026-09-19,TWT96U,tpex,_,,,,
2026-09-19,TWT96U,twse,6918,10573,,,
2026-09-19,TWT96U,tpex,_,,,,
2026-09-19,TWT96U,twse,6923,14193,,,
2026-09-19,TWT96U,tpex,_,,,,
2026-09-19,TWT96U,twse,6928,25006,,,
2026-09-19,TWT96U,tpex,_,,,,
2026-09-19,TWT96U,twse,6931,24950,,,
2026-09-19,TWT96U,tpex,_,,,,
2026-09-19,TWT96U,twse,6933,305138,,,
2026-09-19,TWT96U,tpex,_,,,,
2026-09-19,TWT96U,twse,6934,8432,,,
2026-09-19,TWT96U,tpex,_,,,,
2026-09-19,TWT96U,twse,6936,6272,,,
2026-09-19,TWT96U,tpex,_,,,,
2026-09-19,TWT96U,twse,6937,144017,,,
2026-09-19,TWT96U,tpex,_,,,,
2026-09-19,TWT96U,twse,6944,85393,,,
2026-09-19,TWT96U,tpex,_,,,,
2026-09-19,TWT96U,twse,6951,6320,,,
2026-09-19,TWT96U,tpex,_,,,,
2026-09-19,TWT96U,twse,6952,5033,,,
2026-09-19,TWT96U,tpex,_,,,,
2026-09-19,TWT96U,twse,6957,34464,,,
2026-09-19,TWT96U,tpex,_,,,,
2026-09-19,TWT96U,twse,6958,10174,,,
2026-09-19,TWT96U,tpex,_,,,,
2026-09-19,TWT96U,twse,6962,670564,,,
2026-09-19,TWT96U,tpex,_,,,,
2026-09-19,TWT96U,twse,6965,8192,,,
2026-09-19,TWT96U,tpex,_,,,,
2026-09-19,TWT96U,twse,6994,188354,,,
2026-09-19,TWT96U,tpex,_,,,,
2026-09-19,TWT96U,twse,7610,215736,,,
2026-09-19,TWT96U,tpex,_,,,,
2026-09-19,TWT96U,twse,7631,23552,,,
2026-09-19,TWT96U,tpex,_,,,,
2026-09-19,TWT96U,twse,7705,12619,,,
2026-09-19,TWT96U,tpex,_,,,,
2026-09-19,TWT96U,twse,7711,495653,,,
2026-09-19,TWT96U,tpex,_,,,,
2026-09-19,TWT96U,twse,7721,17740,,,
2026-09-19,TWT96U,tpex,_,,,,
2026-09-19,TWT96U,twse,7722,25432,,,
2026-09-19,TWT96U,tpex,_,,,,
2026-09-19,TWT96U,twse,7730,31744,,,
2026-09-19,TWT96U,tpex,_,,,,
2026-09-19,TWT96U,twse,7732,6547,,,
2026-09-19,TWT96U,tpex,_,,,,
2026-09-19,TWT96U,twse,7736,4662,,,
2026-09-19,TWT96U,tpex,_,,,,
2026-09-19,TWT96U,twse,7740,60224,,,
2026-09-19,TWT96U,tpex,_,,,,
2026-09-19,TWT96U,twse,7749,62664,,,
2026-09-19,TWT96U,tpex,_,,,,
2026-09-19,TWT96U,twse,7750,111342,,,
2026-09-19,TWT96U,tpex,_,,,,
2026-09-19,TWT96U,twse,7765,48214,,,
2026-09-19,TWT96U,tpex,_,,,,
2026-09-19,TWT96U,twse,7769,206082,,,
2026-09-19,TWT96U,tpex,_,,,,
2026-09-19,TWT96U,twse,7780,213095,,,
2026-09-19,TWT96U,tpex,_,,,,
2026-09-19,TWT96U,twse,7786,51054,,,
2026-09-19,TWT96U,tpex,_,,,,
2026-09-19,TWT96U,twse,7788,771621,,,
2026-09-19,TWT96U,tpex,_,,,,
2026-09-19,TWT96U,twse,7791,12116,,,
2026-09-19,TWT96U,tpex,_,,,,
2026-09-19,TWT96U,twse,7795,469706,,,
2026-09-19,TWT96U,tpex,_,,,,
2026-09-19,TWT96U,twse,7799,137826,,,
2026-09-19,TWT96U,tpex,_,,,,
2026-09-19,TWT96U,twse,7822,52594,,,
2026-09-19,TWT96U,tpex,_,,,,
2026-09-19,TWT96U,twse,7823,10484,,,
2026-09-19,TWT96U,tpex,_,,,,
2026-09-19,TWT96U,twse,8011,91124,,,
2026-09-19,TWT96U,tpex,_,,,,
2026-09-19,TWT96U,twse,8016,244037,,,
2026-09-19,TWT96U,tpex,_,,,,
2026-09-19,TWT96U,twse,8021,1776909,,,
2026-09-19,TWT96U,tpex,_,,,,
2026-09-19,TWT96U,twse,8028,952041,,,
2026-09-19,TWT96U,tpex,_,,,,
2026-09-19,TWT96U,twse,8033,2092325,,,
2026-09-19,TWT96U,tpex,_,,,,
2026-09-19,TWT96U,twse,8039,6752203,,,
2026-09-19,TWT96U,tpex,_,,,,
2026-09-19,TWT96U,twse,8045,60180,,,
2026-09-19,TWT96U,tpex,_,,,,
2026-09-19,TWT96U,twse,8046,3433764,,,
2026-09-19,TWT96U,tpex,_,,,,
2026-09-19,TWT96U,twse,8070,1046942,,,
2026-09-19,TWT96U,tpex,_,,,,
2026-09-19,TWT96U,twse,8072,42283,,,
2026-09-19,TWT96U,tpex,_,,,,
2026-09-19,TWT96U,twse,8081,159246,,,
2026-09-19,TWT96U,tpex,_,,,,
2026-09-19,TWT96U,twse,8103,1401411,,,
2026-09-19,TWT96U,tpex,_,,,,
2026-09-19,TWT96U,twse,8104,75051,,,
2026-09-19,TWT96U,tpex,_,,,,
2026-09-19,TWT96U,twse,8105,1349217,,,
2026-09-19,TWT96U,tpex,_,,,,
2026-09-19,TWT96U,twse,8110,1162385,,,
2026-09-19,TWT96U,tpex,_,,,,
2026-09-19,TWT96U,twse,8112,3957210,,,
2026-09-19,TWT96U,tpex,_,,,,
2026-09-19,TWT96U,twse,8114,161341,,,
2026-09-19,TWT96U,tpex,_,,,,
2026-09-19,TWT96U,twse,8131,663456,,,
2026-09-19,TWT96U,tpex,_,,,,
2026-09-19,TWT96U,twse,8150,8592378,,,
2026-09-19,TWT96U,tpex,_,,,,
2026-09-19,TWT96U,twse,8162,41264,,,
2026-09-19,TWT96U,tpex,_,,,,
2026-09-19,TWT96U,twse,8163,179852,,,
2026-09-19,TWT96U,tpex,_,,,,
2026-09-19,TWT96U,twse,8210,455097,,,
2026-09-19,TWT96U,tpex,_,,,,
2026-09-19,TWT96U,twse,8213,117280,,,
2026-09-19,TWT96U,tpex,_,,,,
2026-09-19,TWT96U,twse,8215,224598,,,
2026-09-19,TWT96U,tpex,_,,,,
2026-09-19,TWT96U,twse,8222,258564,,,
2026-09-19,TWT96U,tpex,_,,,,
2026-09-19,TWT96U,twse,8249,69452,,,
2026-09-19,TWT96U,tpex,_,,,,
2026-09-19,TWT96U,twse,8261,1542113,,,
2026-09-19,TWT96U,tpex,_,,,,
2026-09-19,TWT96U,twse,8271,1092719,,,
2026-09-19,TWT96U,tpex,_,,,,
2026-09-19,TWT96U,twse,8341,47419,,,
2026-09-19,TWT96U,tpex,_,,,,
2026-09-19,TWT96U,twse,8367,5690,,,
2026-09-19,TWT96U,tpex,_,,,,
2026-09-19,TWT96U,twse,8374,148956,,,
2026-09-19,TWT96U,tpex,_,,,,
2026-09-19,TWT96U,twse,8404,100039,,,
2026-09-19,TWT96U,tpex,_,,,,
2026-09-19,TWT96U,twse,8411,22018,,,
2026-09-19,TWT96U,tpex,_,,,,
2026-09-19,TWT96U,twse,8422,1319283,,,
2026-09-19,TWT96U,tpex,_,,,,
2026-09-19,TWT96U,twse,8429,34701,,,
2026-09-19,TWT96U,tpex,_,,,,
2026-09-19,TWT96U,twse,8438,59974,,,
2026-09-19,TWT96U,tpex,_,,,,
2026-09-19,TWT96U,twse,8442,23272,,,
2026-09-19,TWT96U,tpex,_,,,,
2026-09-19,TWT96U,twse,8443,30138,,,
2026-09-19,TWT96U,tpex,_,,,,
2026-09-19,TWT96U,twse,8454,144162,,,
2026-09-19,TWT96U,tpex,_,,,,
2026-09-19,TWT96U,twse,8462,31469,,,
2026-09-19,TWT96U,tpex,_,,,,
2026-09-19,TWT96U,twse,8463,15735,,,
2026-09-19,TWT96U,tpex,_,,,,
2026-09-19,TWT96U,twse,8464,130198,,,
2026-09-19,TWT96U,tpex,_,,,,
2026-09-19,TWT96U,twse,8466,6523,,,
2026-09-19,TWT96U,tpex,_,,,,
2026-09-19,TWT96U,twse,8467,6349,,,
2026-09-19,TWT96U,tpex,_,,,,
2026-09-19,TWT96U,twse,8473,202473,,,
2026-09-19,TWT96U,tpex,_,,,,
2026-09-19,TWT96U,twse,8476,80644,,,
2026-09-19,TWT96U,tpex,_,,,,
2026-09-19,TWT96U,twse,8478,33182,,,
2026-09-19,TWT96U,tpex,_,,,,
2026-09-19,TWT96U,twse,8481,3454,,,
2026-09-19,TWT96U,tpex,_,,,,
2026-09-19,TWT96U,twse,8482,2259,,,
2026-09-19,TWT96U,tpex,_,,,,
2026-09-19,TWT96U,twse,8487,3895,,,
2026-09-19,TWT96U,tpex,_,,,,
2026-09-19,TWT96U,twse,8488,34574,,,
2026-09-19,TWT96U,tpex,_,,,,
2026-09-19,TWT96U,twse,8499,9174,,,
2026-09-19,TWT96U,tpex,_,,,,
2026-09-19,TWT96U,twse,8926,1022803,,,
2026-09-19,TWT96U,tpex,_,,,,
2026-09-19,TWT96U,twse,8940,14913,,,
2026-09-19,TWT96U,tpex,_,,,,
2026-09-19,TWT96U,twse,8996,1140154,,,
2026-09-19,TWT96U,tpex,_,,,,
2026-09-19,TWT96U,twse,9103,178711,,,
2026-09-19,TWT96U,tpex,_,,,,
2026-09-19,TWT96U,twse,9105,5268478,,,
2026-09-19,TWT96U,tpex,_,,,,
2026-09-19,TWT96U,twse,911868,71304,,,
2026-09-19,TWT96U,tpex,_,,,,
2026-09-19,TWT96U,twse,912000,125974,,,
2026-09-19,TWT96U,tpex,_,,,,
2026-09-19,TWT96U,twse,9136,90649,,,
2026-09-19,TWT96U,tpex,_,,,,
2026-09-19,TWT96U,twse,9802,194605,,,
2026-09-19,TWT96U,tpex,_,,,,
2026-09-19,TWT96U,twse,9902,26884,,,
2026-09-19,TWT96U,tpex,_,,,,
2026-09-19,TWT96U,twse,9904,4248403,,,
2026-09-19,TWT96U,tpex,_,,,,
2026-09-19,TWT96U,twse,9905,41378,,,
2026-09-19,TWT96U,tpex,_,,,,
2026-09-19,TWT96U,twse,9906,16404,,,
2026-09-19,TWT96U,tpex,_,,,,
2026-09-19,TWT96U,twse,9907,494064,,,
2026-09-19,TWT96U,tpex,_,,,,
2026-09-19,TWT96U,twse,9908,36783,,,
2026-09-19,TWT96U,tpex,_,,,,
2026-09-19,TWT96U,twse,9910,372007,,,
2026-09-19,TWT96U,tpex,_,,,,
2026-09-19,TWT96U,twse,9911,59567,,,
2026-09-19,TWT96U,tpex,_,,,,
2026-09-19,TWT96U,twse,9914,1036422,,,
2026-09-19,TWT96U,tpex,_,,,,
2026-09-19,TWT96U,twse,9917,93270,,,
2026-09-19,TWT96U,tpex,_,,,,
2026-09-19,TWT96U,twse,9918,7455,,,
2026-09-19,TWT96U,tpex,_,,,,
2026-09-19,TWT96U,twse,9919,53796,,,
2026-09-19,TWT96U,tpex,_,,,,
2026-09-19,TWT96U,twse,9921,1047469,,,
2026-09-19,TWT96U,tpex,_,,,,
2026-09-19,TWT96U,twse,9924,45916,,,
2026-09-19,TWT96U,tpex,_,,,,
2026-09-19,TWT96U,twse,9925,297302,,,
2026-09-19,TWT96U,tpex,_,,,,
2026-09-19,TWT96U,twse,9926,4201,,,
2026-09-19,TWT96U,tpex,_,,,,
2026-09-19,TWT96U,twse,9927,25769,,,
2026-09-19,TWT96U,tpex,_,,,,
2026-09-19,TWT96U,twse,9928,14751,,,
2026-09-19,TWT96U,tpex,_,,,,
2026-09-19,TWT96U,twse,9930,29610,,,
2026-09-19,TWT96U,tpex,_,,,,
2026-09-19,TWT96U,twse,9931,5614,,,
2026-09-19,TWT96U,tpex,_,,,,
2026-09-19,TWT96U,twse,9933,771746,,,
2026-09-19,TWT96U,tpex,_,,,,
2026-09-19,TWT96U,twse,9934,454713,,,
2026-09-19,TWT96U,tpex,_,,,,
2026-09-19,TWT96U,twse,9935,120318,,,
2026-09-19,TWT96U,tpex,_,,,,
2026-09-19,TWT96U,twse,9937,11367,,,
2026-09-19,TWT96U,tpex,_,,,,
2026-09-19,TWT96U,twse,9938,319185,,,
2026-09-19,TWT96U,tpex,_,,,,
2026-09-19,TWT96U,twse,9939,317251,,,
2026-09-19,TWT96U,tpex,_,,,,
2026-09-19,TWT96U,twse,9940,93081,,,
2026-09-19,TWT96U,tpex,_,,,,
2026-09-19,TWT96U,twse,9941,385656,,,
2026-09-19,TWT96U,tpex,_,,,,
2026-09-19,TWT96U,twse,9942,23775,,,
2026-09-19,TWT96U,tpex,_,,,,
2026-09-19,TWT96U,twse,9943,17480,,,
2026-09-19,TWT96U,tpex,_,,,,
2026-09-19,TWT96U,twse,9944,10342,,,
2026-09-19,TWT96U,tpex,_,,,,
2026-09-19,TWT96U,twse,9945,2112639,,,
2026-09-19,TWT96U,tpex,_,,,,
2026-09-19,TWT96U,twse,9946,97798,,,
2026-09-19,TWT96U,tpex,_,,,,
2026-09-19,TWT96U,twse,9955,74605,,,
2026-09-19,TWT96U,tpex,_,,,,
2026-09-19,TWT96U,twse,9958,639877,,,
2026-09-19,TWT96U,tpex,_,,,,
