date,end_date,reason
2026-08-18,2026-08-21,除權、息
