date,issued_shares,foreign_holding_shares,big_holder_over400_shares,big_holder_over1000_shares,locked_shares,free_float_shares,locked_pct,source,fetched_at
2015-01-30,116091068,1411907,74499020,68329065,68329065,47762003,0.588582,finmind,2026-07-22T04:17:31.412074+08:00
2015-02-26,116091068,1060908,75024020,68917065,68917065,47174003,0.593647,finmind,2026-07-22T04:17:31.412074+08:00
2015-03-31,116091068,1060908,75738181,69192226,69192226,46898842,0.596017,finmind,2026-07-22T04:17:31.412074+08:00
2015-04-30,116091068,1060908,75735181,67423226,67423226,48667842,0.580779,finmind,2026-07-22T04:17:31.412074+08:00
2015-05-08,116091068,1060908,75715181,67449226,67449226,48641842,0.581003,finmind,2026-07-22T04:17:31.412074+08:00
2015-05-15,116091068,1060908,75666181,67550226,67550226,48540842,0.581873,finmind,2026-07-22T04:17:31.412074+08:00
2015-05-22,116091068,1060908,75670294,67543339,67543339,48547729,0.581813,finmind,2026-07-22T04:17:31.412074+08:00
2015-05-29,116091068,1060908,75725094,67542139,67542139,48548929,0.581803,finmind,2026-07-22T04:17:31.412074+08:00
2015-06-05,116091068,1060908,75754494,67539539,67539539,48551529,0.581781,finmind,2026-07-22T04:17:31.412074+08:00
2015-06-12,116091068,1060908,75826342,67654387,67654387,48436681,0.58277,finmind,2026-07-22T04:17:31.412074+08:00
2015-06-18,116091068,1060908,75858342,68676387,68676387,47414681,0.591573,finmind,2026-07-22T04:17:31.412074+08:00
2015-06-26,116091068,1060908,75832342,68683387,68683387,47407681,0.591634,finmind,2026-07-22T04:17:31.412074+08:00
2015-07-03,116091068,1060908,75783342,68709387,68709387,47381681,0.591858,finmind,2026-07-22T04:17:31.412074+08:00
2015-07-09,116091068,1060908,75758342,67024387,67024387,49066681,0.577343,finmind,2026-07-22T04:17:31.412074+08:00
2015-07-17,116091068,1060908,75796342,67022387,67022387,49068681,0.577326,finmind,2026-07-22T04:17:31.412074+08:00
2015-07-24,116091068,1060908,76176342,67906387,67906387,48184681,0.584941,finmind,2026-07-22T04:17:31.412074+08:00
2015-07-31,116091068,1060908,75680342,68012387,68012387,48078681,0.585854,finmind,2026-07-22T04:17:31.412074+08:00
2015-08-07,116091068,1060908,75724342,68031387,68031387,48059681,0.586017,finmind,2026-07-22T04:17:31.412074+08:00
2015-08-14,116091068,1060908,75399342,67505387,67505387,48585681,0.581486,finmind,2026-07-22T04:17:31.412074+08:00
2015-08-21,116091068,1060908,75561089,67572134,67572134,48518934,0.582061,finmind,2026-07-22T04:17:31.412074+08:00
2015-08-28,116091068,1041908,75692924,67540969,67540969,48550099,0.581793,finmind,2026-07-22T04:17:31.412074+08:00
2015-09-04,116091068,911908,75624924,67423969,67423969,48667099,0.580785,finmind,2026-07-22T04:17:31.412074+08:00
2015-09-11,116091068,817908,75159924,66278969,66278969,49812099,0.570922,finmind,2026-07-22T04:17:31.412074+08:00
2015-09-18,116091068,718908,75087924,67098969,67098969,48992099,0.577986,finmind,2026-07-22T04:17:31.412074+08:00
2015-09-25,116091068,688908,74504924,67018969,67018969,49072099,0.577297,finmind,2026-07-22T04:17:31.412074+08:00
2015-10-02,116091068,671908,74520924,67018969,67018969,49072099,0.577297,finmind,2026-07-22T04:17:31.412074+08:00
2015-10-08,116091068,619908,74468924,67049969,67049969,49041099,0.577564,finmind,2026-07-22T04:17:31.412074+08:00
2015-10-16,116091068,558908,74434987,67079032,67079032,49012036,0.577814,finmind,2026-07-22T04:17:31.412074+08:00
2015-10-23,116091068,486908,75270987,67123032,67123032,48968036,0.578193,finmind,2026-07-22T04:17:31.412074+08:00
2015-10-30,116091068,324908,75065987,66835032,66835032,49256036,0.575712,finmind,2026-07-22T04:17:31.412074+08:00
2015-11-06,116091068,324908,74250987,66823032,66823032,49268036,0.575609,finmind,2026-07-22T04:17:31.412074+08:00
2015-11-13,116091068,364908,75150987,66844032,66844032,49247036,0.57579,finmind,2026-07-22T04:17:31.412074+08:00
2015-11-20,116091068,342908,74734987,66782032,66782032,49309036,0.575256,finmind,2026-07-22T04:17:31.412074+08:00
2015-11-27,116091068,342908,74349987,66808032,66808032,49283036,0.57548,finmind,2026-07-22T04:17:31.412074+08:00
2015-12-04,116091068,347908,74379987,66812032,66812032,49279036,0.575514,finmind,2026-07-22T04:17:31.412074+08:00
2015-12-11,116091068,355908,74465987,66877032,66877032,49214036,0.576074,finmind,2026-07-22T04:17:31.412074+08:00
2015-12-18,116091068,366908,74519987,65152032,65152032,50939036,0.561215,finmind,2026-07-22T04:17:31.412074+08:00
2015-12-25,116091068,366908,74495987,65160032,65160032,50931036,0.561284,finmind,2026-07-22T04:17:31.412074+08:00
2015-12-31,116091068,366908,74300987,65172032,65172032,50919036,0.561387,finmind,2026-07-22T04:17:31.412074+08:00
2016-01-08,116091068,363908,74327987,65190032,65190032,50901036,0.561542,finmind,2026-07-22T04:17:31.412074+08:00
2016-01-15,116091068,382908,73790987,64725032,64725032,51366036,0.557537,finmind,2026-07-22T04:17:31.412074+08:00
2016-01-22,116091068,372908,73754472,64704517,64704517,51386551,0.55736,finmind,2026-07-22T04:17:31.412074+08:00
2016-01-30,116091068,367908,74207472,64690517,64690517,51400551,0.557239,finmind,2026-07-22T04:17:31.412074+08:00
2016-02-03,116091068,364908,74143472,65100517,65100517,50990551,0.560771,finmind,2026-07-22T04:17:31.412074+08:00
2016-02-19,116091068,401908,74183472,66906517,66906517,49184551,0.576328,finmind,2026-07-22T04:17:31.412074+08:00
2016-02-26,116091068,376908,74066472,66766517,66766517,49324551,0.575122,finmind,2026-07-22T04:17:31.412074+08:00
2016-03-04,116091068,385908,73925472,65578517,65578517,50512551,0.564889,finmind,2026-07-22T04:17:31.412074+08:00
2016-03-11,116091068,199908,74080472,65779517,65779517,50311551,0.56662,finmind,2026-07-22T04:17:31.412074+08:00
2016-03-18,116091068,40908,74226094,64432139,64432139,51658929,0.555014,finmind,2026-07-22T04:17:31.412074+08:00
2016-03-25,116091068,3908,74234241,64829956,64829956,51261112,0.558441,finmind,2026-07-22T04:17:31.412074+08:00
2016-04-01,116091068,8908,74293241,64835956,64835956,51255112,0.558492,finmind,2026-07-22T04:17:31.412074+08:00
2016-04-08,116091068,100908,74324241,65326956,65326956,50764112,0.562722,finmind,2026-07-22T04:17:31.412074+08:00
2016-04-15,116091068,3908,74681241,65569956,65569956,50521112,0.564815,finmind,2026-07-22T04:17:31.412074+08:00
2016-04-22,116091068,3908,74322555,65852270,65852270,50238798,0.567247,finmind,2026-07-22T04:17:31.412074+08:00
2016-04-29,116091068,5908,74274555,65830270,65830270,50260798,0.567057,finmind,2026-07-22T04:17:31.412074+08:00
2016-05-06,116091068,29908,74773555,65976270,65976270,50114798,0.568315,finmind,2026-07-22T04:17:31.412074+08:00
2016-05-13,116091068,38908,75259555,66129270,66129270,49961798,0.569633,finmind,2026-07-22T04:17:31.412074+08:00
2016-05-20,116091068,7908,74998555,66310270,66310270,49780798,0.571192,finmind,2026-07-22T04:17:31.412074+08:00
2016-05-27,116091068,83908,76473793,67208508,67208508,48882560,0.578929,finmind,2026-07-22T04:17:31.412074+08:00
2016-06-04,116091068,112908,76539793,67285508,67285508,48805560,0.579592,finmind,2026-07-22T04:17:31.412074+08:00
2016-06-08,116091068,69908,76560793,67311508,67311508,48779560,0.579816,finmind,2026-07-22T04:17:31.412074+08:00
2016-06-17,116091068,12908,77036793,67517508,67517508,48573560,0.581591,finmind,2026-07-22T04:17:31.412074+08:00
2016-06-24,116091068,3908,76807793,68596508,68596508,47494560,0.590885,finmind,2026-07-22T04:17:31.412074+08:00
2016-07-01,116091068,3908,77380793,68774508,68774508,47316560,0.592419,finmind,2026-07-22T04:17:31.412074+08:00
2016-07-07,116091068,3908,77180793,68940508,68940508,47150560,0.593849,finmind,2026-07-22T04:17:31.412074+08:00
2016-07-15,116091068,3908,77392793,69124508,69124508,46966560,0.595433,finmind,2026-07-22T04:17:31.412074+08:00
2016-07-22,116091068,3908,77211793,68432688,68432688,47658380,0.589474,finmind,2026-07-22T04:17:31.412074+08:00
2016-07-29,116091068,296908,76756973,68708688,68708688,47382380,0.591852,finmind,2026-07-22T04:17:31.412074+08:00
2016-08-05,116091068,198908,75576367,68522082,68522082,47568986,0.590244,finmind,2026-07-22T04:17:31.412074+08:00
2016-08-12,116091068,10908,77301315,69411441,69411441,46679627,0.597905,finmind,2026-07-22T04:17:31.412074+08:00
2016-08-19,116091068,25908,77394318,69524441,69524441,46566627,0.598878,finmind,2026-07-22T04:17:31.412074+08:00
2016-08-26,116091068,55908,77924309,70039432,70039432,46051636,0.603315,finmind,2026-07-22T04:17:31.412074+08:00
2016-09-02,116091068,60908,77935309,70030432,70030432,46060636,0.603237,finmind,2026-07-22T04:17:31.412074+08:00
2016-09-10,116091068,40908,77219309,70681432,70681432,45409636,0.608845,finmind,2026-07-22T04:17:31.412074+08:00
2016-09-14,116091068,75908,77198309,69605432,69605432,46485636,0.599576,finmind,2026-07-22T04:17:31.412074+08:00
2016-09-23,116091068,199908,77615309,69554432,69554432,46536636,0.599137,finmind,2026-07-22T04:17:31.412074+08:00
2016-09-30,116091068,186908,77268703,68631826,68631826,47459242,0.59119,finmind,2026-07-22T04:17:31.412074+08:00
2016-10-07,116091068,164908,77640703,68939826,68939826,47151242,0.593843,finmind,2026-07-22T04:17:31.412074+08:00
2016-10-14,116091068,113908,77488703,68807826,68807826,47283242,0.592706,finmind,2026-07-22T04:17:31.412074+08:00
2016-10-21,113251068,125908,74729703,65952826,65952826,47298242,0.582359,finmind,2026-07-22T04:17:31.412074+08:00
2016-10-28,113251068,103908,74388703,66922826,66922826,46328242,0.590924,finmind,2026-07-22T04:17:31.412074+08:00
2016-11-04,113251068,3908,74633703,65888826,65888826,47362242,0.581794,finmind,2026-07-22T04:17:31.412074+08:00
2016-11-11,113251068,27908,75445703,66167826,66167826,47083242,0.584258,finmind,2026-07-22T04:17:31.412074+08:00
2016-11-18,113251068,390908,77168703,65899826,65899826,47351242,0.581891,finmind,2026-07-22T04:17:31.412074+08:00
2016-11-25,113251068,55908,76948703,66874826,66874826,46376242,0.590501,finmind,2026-07-22T04:17:31.412074+08:00
2016-12-02,113251068,306908,77458696,68381819,68381819,44869249,0.603807,finmind,2026-07-22T04:17:31.412074+08:00
2016-12-09,113251068,13908,77724696,67570819,67570819,45680249,0.596646,finmind,2026-07-22T04:17:31.412074+08:00
2016-12-16,113251068,368908,77080696,67774819,67774819,45476249,0.598448,finmind,2026-07-22T04:17:31.412074+08:00
2016-12-30,113251068,135908,77983287,69907054,69907054,43344014,0.617275,finmind,2026-07-22T04:17:31.412074+08:00
2017-01-06,113251068,937908,77939287,68117054,68117054,45134014,0.601469,finmind,2026-07-22T04:17:31.412074+08:00
2017-01-13,113251068,23908,79545287,69304054,69304054,43947014,0.611951,finmind,2026-07-22T04:17:31.412074+08:00
2017-01-20,113251068,324908,80601028,69524712,69524712,43726356,0.613899,finmind,2026-07-22T04:17:31.412074+08:00
2017-01-26,113251068,383908,80038743,69529712,69529712,43721356,0.613943,finmind,2026-07-22T04:17:31.412074+08:00
2017-02-03,113251068,660908,80356154,70487712,70487712,42763356,0.622402,finmind,2026-07-22T04:17:31.412074+08:00
2017-02-10,113251068,957908,79245154,71215136,71215136,42035932,0.628825,finmind,2026-07-22T04:17:31.412074+08:00
2017-02-18,113251068,1199908,79315871,70785429,70785429,42465639,0.625031,finmind,2026-07-22T04:17:31.412074+08:00
2017-02-24,113251068,802908,80503871,71852429,71852429,41398639,0.634453,finmind,2026-07-22T04:17:31.412074+08:00
2017-03-03,113251068,812908,81884871,70869429,70869429,42381639,0.625773,finmind,2026-07-22T04:17:31.412074+08:00
2017-03-10,113251068,1163908,81001745,69574303,69574303,43676765,0.614337,finmind,2026-07-22T04:17:31.412074+08:00
2017-03-17,113251068,826909,75795304,65533862,65533862,47717206,0.57866,finmind,2026-07-22T04:17:31.412074+08:00
2017-03-24,113251068,839910,73778304,64048862,64048862,49202206,0.565548,finmind,2026-07-22T04:17:31.412074+08:00
2017-03-31,113251068,1724910,72008781,62755339,62755339,50495729,0.554126,finmind,2026-07-22T04:17:31.412074+08:00
2017-04-07,113251068,882910,73346781,62919339,62919339,50331729,0.555574,finmind,2026-07-22T04:17:31.412074+08:00
2017-04-14,113251068,482911,72297781,62541339,62541339,50709729,0.552236,finmind,2026-07-22T04:17:31.412074+08:00
2017-04-21,113251068,892911,70618781,60197339,60197339,53053729,0.531539,finmind,2026-07-22T04:17:31.412074+08:00
2017-04-28,113251068,1123911,70584297,61173855,61173855,52077213,0.540161,finmind,2026-07-22T04:17:31.412074+08:00
2017-05-05,113251068,905911,71356297,62050855,62050855,51200213,0.547905,finmind,2026-07-22T04:17:31.412074+08:00
2017-05-12,113251068,550911,71294297,61736855,61736855,51514213,0.545133,finmind,2026-07-22T04:17:31.412074+08:00
2017-05-19,113251068,560911,70325297,61574855,61574855,51676213,0.543702,finmind,2026-07-22T04:17:31.412074+08:00
2017-05-26,113251068,65911,71276070,62523628,62523628,50727440,0.55208,finmind,2026-07-22T04:17:31.412074+08:00
2017-06-03,113251068,424911,70671067,63617628,63617628,49633440,0.56174,finmind,2026-07-22T04:17:31.412074+08:00
2017-06-09,113251068,128911,71505277,63800838,63800838,49450230,0.563357,finmind,2026-07-22T04:17:31.412074+08:00
2017-06-16,113251068,119911,71116762,64896323,64896323,48354745,0.573031,finmind,2026-07-22T04:17:31.412074+08:00
2017-06-23,113251068,121911,71317762,65042323,65042323,48208745,0.57432,finmind,2026-07-22T04:17:31.412074+08:00
2017-06-30,113251068,136911,72025574,63794135,63794135,49456933,0.563298,finmind,2026-07-22T04:17:31.412074+08:00
2017-07-07,113251068,111911,72078574,63602135,63602135,49648933,0.561603,finmind,2026-07-22T04:17:31.412074+08:00
2017-07-14,113251068,117911,72591574,63738135,63738135,49512933,0.562804,finmind,2026-07-22T04:17:31.412074+08:00
2017-07-21,113251068,135911,72122574,63728135,63728135,49522933,0.562716,finmind,2026-07-22T04:17:31.412074+08:00
2017-07-28,113251068,180911,72508574,61240135,61240135,52010933,0.540747,finmind,2026-07-22T04:17:31.412074+08:00
2017-08-04,113251068,195911,73188334,63355895,63355895,49895173,0.559429,finmind,2026-07-22T04:17:31.412074+08:00
2017-08-11,113251068,138911,73959726,65718287,65718287,47532781,0.580288,finmind,2026-07-22T04:17:31.412074+08:00
2017-08-18,112051068,165911,72572726,62940287,62940287,49110781,0.561711,finmind,2026-07-22T04:17:31.412074+08:00
2017-08-25,112051068,178911,72050726,63134287,63134287,48916781,0.563442,finmind,2026-07-22T04:17:31.412074+08:00
2017-09-01,121251068,235360,80604560,72898121,72898121,48352947,0.601216,finmind,2026-07-22T04:17:31.412074+08:00
2017-09-08,121251068,161235,75408084,67801428,67801428,53449640,0.559182,finmind,2026-07-22T04:17:31.412074+08:00
2017-09-15,121251068,84713,75738618,66772560,66772560,54478508,0.550697,finmind,2026-07-22T04:17:31.412074+08:00
2017-09-22,121251068,100713,75151845,66589560,66589560,54661508,0.549187,finmind,2026-07-22T04:17:31.412074+08:00
2017-09-30,121251068,170713,72275569,66744284,66744284,54506784,0.550463,finmind,2026-07-22T04:17:31.412074+08:00
2017-10-06,121251068,173883,73205016,66629731,66629731,54621337,0.549519,finmind,2026-07-22T04:17:31.412074+08:00
2017-10-13,121251068,234883,73668337,64351052,64351052,56900016,0.530726,finmind,2026-07-22T04:17:31.412074+08:00
2017-10-20,121251068,358883,76834948,68600663,68600663,52650405,0.565774,finmind,2026-07-22T04:17:31.412074+08:00
2017-10-27,121251068,235883,77819028,68796743,68796743,52454325,0.567391,finmind,2026-07-22T04:17:31.412074+08:00
2017-11-03,121251068,325983,76891028,69385743,69385743,51865325,0.572249,finmind,2026-07-22T04:17:31.412074+08:00
2017-11-10,121251068,481983,77123649,70373364,70373364,50877704,0.580394,finmind,2026-07-22T04:17:31.412074+08:00
2017-11-17,121251068,930983,77946649,70831364,70831364,50419704,0.584171,finmind,2026-07-22T04:17:31.412074+08:00
2017-11-24,121251068,54983,78986049,69695764,69695764,51555304,0.574805,finmind,2026-07-22T04:17:31.412074+08:00
2017-12-01,121251068,520983,77558049,68947764,68947764,52303304,0.568636,finmind,2026-07-22T04:17:31.412074+08:00
2017-12-08,121251068,1356983,75575049,67790764,67790764,53460304,0.559094,finmind,2026-07-22T04:17:31.412074+08:00
2017-12-15,121251068,441983,74676049,66386764,66386764,54864304,0.547515,finmind,2026-07-22T04:17:31.412074+08:00
2017-12-22,121251068,436983,73603049,66331764,66331764,54919304,0.547061,finmind,2026-07-22T04:17:31.412074+08:00
2018-01-05,121251068,749983,74245049,67334764,67334764,53916304,0.555333,finmind,2026-07-22T04:17:31.412074+08:00
2018-01-12,121251068,983983,73242219,66342934,66342934,54908134,0.547153,finmind,2026-07-22T04:17:31.412074+08:00
2018-01-19,121251068,885983,74171219,66562934,66562934,54688134,0.548968,finmind,2026-07-22T04:17:31.412074+08:00
2018-01-26,121251068,1716983,74176219,66588934,66588934,54662134,0.549182,finmind,2026-07-22T04:17:31.412074+08:00
2018-02-02,121251068,407983,73790219,66683934,66683934,54567134,0.549966,finmind,2026-07-22T04:17:31.412074+08:00
2018-02-09,121251068,574983,72794219,67024934,67024934,54226134,0.552778,finmind,2026-07-22T04:17:31.412074+08:00
2018-02-14,121251068,467983,71019219,64818934,64818934,56432134,0.534584,finmind,2026-07-22T04:17:31.412074+08:00
2018-02-23,121251068,416983,71087919,64046634,64046634,57204434,0.528215,finmind,2026-07-22T04:17:31.412074+08:00
2018-03-02,121251068,366983,71340919,64712634,64712634,56538434,0.533708,finmind,2026-07-22T04:17:31.412074+08:00
2018-03-09,121251068,493983,71628919,63912634,63912634,57338434,0.52711,finmind,2026-07-22T04:17:31.412074+08:00
2018-03-16,121251068,78983,70763919,64893634,64893634,56357434,0.535201,finmind,2026-07-22T04:17:31.412074+08:00
2018-03-23,121251068,608983,69808919,64833634,64833634,56417434,0.534706,finmind,2026-07-22T04:17:31.412074+08:00
2018-03-31,121251068,521983,70396919,64079634,64079634,57171434,0.528487,finmind,2026-07-22T04:17:31.412074+08:00
2018-04-03,121251068,266983,69667919,64032634,64032634,57218434,0.5281,finmind,2026-07-22T04:17:31.412074+08:00
2018-04-13,121251068,579983,69071919,63789634,63789634,57461434,0.526095,finmind,2026-07-22T04:17:31.412074+08:00
2018-04-20,121251068,853983,68072919,62618634,62618634,58632434,0.516438,finmind,2026-07-22T04:17:31.412074+08:00
2018-04-27,121251068,1028183,67697919,61613634,61613634,59637434,0.508149,finmind,2026-07-22T04:17:31.412074+08:00
2018-05-04,121251068,1072183,68128919,61613634,61613634,59637434,0.508149,finmind,2026-07-22T04:17:31.412074+08:00
2018-05-11,121251068,1206183,68474919,61613634,61613634,59637434,0.508149,finmind,2026-07-22T04:17:31.412074+08:00
2018-05-18,121251068,1343183,69149919,61613634,61613634,59637434,0.508149,finmind,2026-07-22T04:17:31.412074+08:00
2018-05-25,121251068,1545183,70544290,61613634,61613634,59637434,0.508149,finmind,2026-07-22T04:17:31.412074+08:00
2018-06-01,121251068,1576889,70282919,61613634,61613634,59637434,0.508149,finmind,2026-07-22T04:17:31.412074+08:00
2018-06-08,121251068,1943889,71268085,62660800,62660800,58590268,0.516786,finmind,2026-07-22T04:17:31.412074+08:00
2018-06-15,121251068,1201090,71809085,64177800,64177800,57073268,0.529297,finmind,2026-07-22T04:17:31.412074+08:00
2018-06-22,121251068,1157090,70597085,63111800,63111800,58139268,0.520505,finmind,2026-07-22T04:17:31.412074+08:00
2018-06-29,121251068,841090,71035085,63179800,63179800,58071268,0.521066,finmind,2026-07-22T04:17:31.412074+08:00
2018-07-06,121251068,705090,70871085,63202800,63202800,58048268,0.521256,finmind,2026-07-22T04:17:31.412074+08:00
2018-07-13,121251068,891090,70183085,63176800,63176800,58074268,0.521041,finmind,2026-07-22T04:17:31.412074+08:00
2018-07-20,121251068,179090,70975085,62780800,62780800,58470268,0.517775,finmind,2026-07-22T04:17:31.412074+08:00
2018-07-27,121251068,225090,70487085,62714800,62714800,58536268,0.517231,finmind,2026-07-22T04:17:31.412074+08:00
2018-08-03,121251068,1002090,68935085,62014800,62014800,59236268,0.511458,finmind,2026-07-22T04:17:31.412074+08:00
2018-08-10,121251068,1379090,67754722,60770437,60770437,60480631,0.501195,finmind,2026-07-22T04:17:31.412074+08:00
2018-08-17,121251068,1501090,66667099,61870666,61870666,59380402,0.510269,finmind,2026-07-22T04:17:31.412074+08:00
2018-08-24,121251068,1505037,66563562,61741129,61741129,59509939,0.509201,finmind,2026-07-22T04:17:31.412074+08:00
2018-08-31,121251068,1558036,66511262,61708829,61708829,59542239,0.508934,finmind,2026-07-22T04:17:31.412074+08:00
2018-09-07,121251068,1692036,66932262,61608829,61608829,59642239,0.50811,finmind,2026-07-22T04:17:31.412074+08:00
2018-09-14,121251068,1821036,66354378,61701945,61701945,59549123,0.508878,finmind,2026-07-22T04:17:31.412074+08:00
2018-09-21,121251068,1792036,66254778,61461345,61461345,59789723,0.506893,finmind,2026-07-22T04:17:31.412074+08:00
2018-09-28,121251068,1852036,66039778,61241345,61241345,60009723,0.505079,finmind,2026-07-22T04:17:31.412074+08:00
2018-10-05,121251068,1999096,66320699,61074345,61074345,60176723,0.503702,finmind,2026-07-22T04:17:31.412074+08:00
2018-10-12,121251068,1820096,65801699,60956345,60956345,60294723,0.502728,finmind,2026-07-22T04:17:31.412074+08:00
2018-10-19,121251068,1772096,65503699,60656345,60656345,60594723,0.500254,finmind,2026-07-22T04:17:31.412074+08:00
2018-10-26,121251068,1458096,65174778,60256345,60256345,60994723,0.496955,finmind,2026-07-22T04:17:31.412074+08:00
2018-11-02,121251068,1641096,66164778,59956345,59956345,61294723,0.494481,finmind,2026-07-22T04:17:31.412074+08:00
2018-11-09,121251068,1826096,65734778,59456345,59456345,61794723,0.490357,finmind,2026-07-22T04:17:31.412074+08:00
2018-11-16,121251068,1597096,65928778,58706345,58706345,62544723,0.484172,finmind,2026-07-22T04:17:31.412074+08:00
2018-11-23,121251068,1967096,64583778,57686345,57686345,63564723,0.475759,finmind,2026-07-22T04:17:31.412074+08:00
2018-11-30,121251068,1882096,65037778,57686345,57686345,63564723,0.475759,finmind,2026-07-22T04:17:31.412074+08:00
2018-12-07,121251068,1766096,65475778,57686345,57686345,63564723,0.475759,finmind,2026-07-22T04:17:31.412074+08:00
2018-12-14,121251068,2232096,64651778,57520345,57520345,63730723,0.47439,finmind,2026-07-22T04:17:31.412074+08:00
2018-12-22,121251068,1937096,64989778,57520345,57520345,63730723,0.47439,finmind,2026-07-22T04:17:31.412074+08:00
2018-12-28,121251068,1941096,65127778,57520345,57520345,63730723,0.47439,finmind,2026-07-22T04:17:31.412074+08:00
2019-01-04,121251068,1725096,64642778,57520345,57520345,63730723,0.47439,finmind,2026-07-22T04:17:31.412074+08:00
2019-01-11,121251068,1274097,64243778,57520345,57520345,63730723,0.47439,finmind,2026-07-22T04:17:31.412074+08:00
2019-01-19,121251068,,64243778,57520345,57520345,63730723,0.47439,finmind,2026-07-22T04:17:31.412074+08:00
2019-01-25,121251068,866097,64134778,57520345,57520345,63730723,0.47439,finmind,2026-07-22T04:17:31.412074+08:00
2019-02-01,121251068,901097,64156778,57520345,57520345,63730723,0.47439,finmind,2026-07-22T04:17:31.412074+08:00
2019-02-15,121251068,1044097,64581778,57520345,57520345,63730723,0.47439,finmind,2026-07-22T04:17:31.412074+08:00
2019-02-23,121251068,,64812778,57520345,57520345,63730723,0.47439,finmind,2026-07-22T04:17:31.412074+08:00
2019-02-27,121251068,1259097,65378778,57520345,57520345,63730723,0.47439,finmind,2026-07-22T04:17:31.412074+08:00
2019-03-08,121251068,1344097,64596778,58591345,58591345,62659723,0.483223,finmind,2026-07-22T04:17:31.412074+08:00
2019-03-15,121251068,1421097,64590778,58616345,58616345,62634723,0.48343,finmind,2026-07-22T04:17:31.412074+08:00
2019-03-22,121251068,1429097,64529778,57520345,57520345,63730723,0.47439,finmind,2026-07-22T04:17:31.412074+08:00
2019-03-29,121251068,1408097,64523778,57520345,57520345,63730723,0.47439,finmind,2026-07-22T04:17:31.412074+08:00
2019-04-03,121251068,1465097,64456778,57520345,57520345,63730723,0.47439,finmind,2026-07-22T04:17:31.412074+08:00
2019-04-12,121251068,1476097,64535778,57520345,57520345,63730723,0.47439,finmind,2026-07-22T04:17:31.412074+08:00
2019-04-19,121251068,1602097,64487778,57520345,57520345,63730723,0.47439,finmind,2026-07-22T04:17:31.412074+08:00
2019-04-26,121251068,1527097,64462778,57520345,57520345,63730723,0.47439,finmind,2026-07-22T04:17:31.412074+08:00
2019-05-03,121251068,1548097,64511778,57520345,57520345,63730723,0.47439,finmind,2026-07-22T04:17:31.412074+08:00
2019-05-10,121251068,1573097,63970778,57520345,57520345,63730723,0.47439,finmind,2026-07-22T04:17:31.412074+08:00
2019-05-17,121251068,1570097,64079778,57520345,57520345,63730723,0.47439,finmind,2026-07-22T04:17:31.412074+08:00
2019-05-24,121251068,1455097,63409778,57520345,57520345,63730723,0.47439,finmind,2026-07-22T04:17:31.412074+08:00
2019-05-31,121251068,1477097,63487778,57520345,57520345,63730723,0.47439,finmind,2026-07-22T04:17:31.412074+08:00
2019-06-06,121251068,1432097,63958778,57520345,57520345,63730723,0.47439,finmind,2026-07-22T04:17:31.412074+08:00
2019-06-14,121251068,1452097,64044241,57578808,57578808,63672260,0.474873,finmind,2026-07-22T04:17:31.412074+08:00
2019-06-21,121251068,1422097,64041139,57576706,57576706,63674362,0.474855,finmind,2026-07-22T04:17:31.412074+08:00
2019-06-28,121251068,1443097,64038919,57577486,57577486,63673582,0.474862,finmind,2026-07-22T04:17:31.412074+08:00
2019-07-05,121251068,1442097,64040919,57576486,57576486,63674582,0.474853,finmind,2026-07-22T04:17:31.412074+08:00
2019-07-12,121251068,1437097,64034461,57575028,57575028,63676040,0.474841,finmind,2026-07-22T04:17:31.412074+08:00
2019-07-19,121251068,1451097,64016461,57574028,57574028,63677040,0.474833,finmind,2026-07-22T04:17:31.412074+08:00
2019-07-26,121251068,1494097,64464461,57575028,57575028,63676040,0.474841,finmind,2026-07-22T04:17:31.412074+08:00
2019-08-02,121251068,1367097,64519461,57596028,57596028,63655040,0.475015,finmind,2026-07-22T04:17:31.412074+08:00
2019-08-08,121251068,1363097,64659461,57584028,57584028,63667040,0.474916,finmind,2026-07-22T04:17:31.412074+08:00
2019-08-16,121251068,704097,64631461,57578028,57578028,63673040,0.474866,finmind,2026-07-22T04:17:31.412074+08:00
2019-08-23,121251068,1219455,65032487,57578028,57578028,63673040,0.474866,finmind,2026-07-22T04:17:31.412074+08:00
2019-08-30,121251068,1265821,64572315,57578028,57578028,63673040,0.474866,finmind,2026-07-22T04:17:31.412074+08:00
2019-09-06,121251068,1328821,64622461,57579028,57579028,63672040,0.474874,finmind,2026-07-22T04:17:31.412074+08:00
2019-09-12,121251068,1347821,64686461,57578028,57578028,63673040,0.474866,finmind,2026-07-22T04:17:31.412074+08:00
2019-09-20,121251068,1202821,64559461,57590028,57590028,63661040,0.474965,finmind,2026-07-22T04:17:31.412074+08:00
2019-09-27,121251068,1196821,64496461,57577028,57577028,63674040,0.474858,finmind,2026-07-22T04:17:31.412074+08:00
2019-10-05,121251068,,64145461,57575028,57575028,63676040,0.474841,finmind,2026-07-22T04:17:31.412074+08:00
2019-10-09,121251068,1205821,64139461,57575028,57575028,63676040,0.474841,finmind,2026-07-22T04:17:31.412074+08:00
2019-10-18,121251068,921821,64123461,57571028,57571028,63680040,0.474808,finmind,2026-07-22T04:17:31.412074+08:00
2019-10-25,121251068,918821,64061461,57575028,57575028,63676040,0.474841,finmind,2026-07-22T04:17:31.412074+08:00
2019-11-01,121251068,900821,64027398,57568965,57568965,63682103,0.474791,finmind,2026-07-22T04:17:31.412074+08:00
2019-11-08,121251068,916884,63937398,57567965,57567965,63683103,0.474783,finmind,2026-07-22T04:17:31.412074+08:00
2019-11-15,121251068,966884,63594398,57564965,57564965,63686103,0.474758,finmind,2026-07-22T04:17:31.412074+08:00
2019-11-22,121251068,1042920,63588398,57571965,57571965,63679103,0.474816,finmind,2026-07-22T04:17:31.412074+08:00
2019-11-29,121251068,1041920,63587398,57571965,57571965,63679103,0.474816,finmind,2026-07-22T04:17:31.412074+08:00
2019-12-06,121251068,894920,63583398,57574965,57574965,63676103,0.474841,finmind,2026-07-22T04:17:31.412074+08:00
2019-12-13,121251068,912549,63571398,57567965,57567965,63683103,0.474783,finmind,2026-07-22T04:17:31.412074+08:00
2019-12-20,121251068,954549,63582398,57576965,57576965,63674103,0.474857,finmind,2026-07-22T04:17:31.412074+08:00
2019-12-27,121251068,978549,63832398,57628965,57628965,63622103,0.475286,finmind,2026-07-22T04:17:31.412074+08:00
2020-01-03,121251068,891549,64133398,58927965,58927965,62323103,0.486,finmind,2026-07-22T04:17:31.412074+08:00
2020-01-10,121251068,924549,64036398,58830965,58830965,62420103,0.4852,finmind,2026-07-22T04:17:31.412074+08:00
2020-01-17,121251068,869549,64040398,58832965,58832965,62418103,0.485216,finmind,2026-07-22T04:17:31.412074+08:00
2020-01-22,121251068,878549,64028398,58820965,58820965,62430103,0.485117,finmind,2026-07-22T04:17:31.412074+08:00
2020-01-31,121251068,906549,64225398,59017965,59017965,62233103,0.486742,finmind,2026-07-22T04:17:31.412074+08:00
2020-02-07,121251068,921549,65935524,60339091,60339091,60911977,0.497638,finmind,2026-07-22T04:17:31.412074+08:00
2020-02-15,121251068,,65908524,59227091,59227091,62023977,0.488467,finmind,2026-07-22T04:17:31.412074+08:00
2020-02-21,121251068,1346549,64610524,59546091,59546091,61704977,0.491097,finmind,2026-07-22T04:17:31.412074+08:00
2020-02-27,121251068,1300549,65090524,59531091,59531091,61719977,0.490974,finmind,2026-07-22T04:17:31.412074+08:00
2020-03-06,121251068,1443550,64658524,59141091,59141091,62109977,0.487757,finmind,2026-07-22T04:17:31.412074+08:00
2020-03-13,121251068,1755550,65022524,58297091,58297091,62953977,0.480797,finmind,2026-07-22T04:17:31.412074+08:00
2020-03-20,121251068,1945550,64943524,59589091,59589091,61661977,0.491452,finmind,2026-07-22T04:17:31.412074+08:00
2020-03-27,121251068,1634550,64301112,59791091,59791091,61459977,0.493118,finmind,2026-07-22T04:17:31.412074+08:00
2020-04-01,121251068,1510550,64243112,59816091,59816091,61434977,0.493324,finmind,2026-07-22T04:17:31.412074+08:00
2020-04-10,121251068,1598550,64185112,59813091,59813091,61437977,0.493299,finmind,2026-07-22T04:17:31.412074+08:00
2020-04-17,121251068,1352550,64107112,59810091,59810091,61440977,0.493275,finmind,2026-07-22T04:17:31.412074+08:00
2020-04-24,121251068,1506550,63674112,59845091,59845091,61405977,0.493563,finmind,2026-07-22T04:17:31.412074+08:00
2020-04-30,121251068,1485550,63289112,58524091,58524091,62726977,0.482669,finmind,2026-07-22T04:17:31.412074+08:00
2020-05-08,121251068,1567550,62939112,58577091,58577091,62673977,0.483106,finmind,2026-07-22T04:17:31.412074+08:00
2020-05-15,121251068,1864550,63394112,58588091,58588091,62662977,0.483196,finmind,2026-07-22T04:17:31.412074+08:00
2020-05-22,121251068,2042550,63895112,58585091,58585091,62665977,0.483172,finmind,2026-07-22T04:17:31.412074+08:00
2020-05-29,121251068,1859550,63232112,58562091,58562091,62688977,0.482982,finmind,2026-07-22T04:17:31.412074+08:00
2020-06-05,121251068,1666550,62861112,58581091,58581091,62669977,0.483139,finmind,2026-07-22T04:17:31.412074+08:00
2020-06-12,121251068,1836550,63330112,58559091,58559091,62691977,0.482957,finmind,2026-07-22T04:17:31.412074+08:00
2020-06-20,121251068,,63351002,58568981,58568981,62682087,0.483039,finmind,2026-07-22T04:17:31.412074+08:00
2020-06-24,121251068,1780550,64206958,58545937,58545937,62705131,0.482849,finmind,2026-07-22T04:17:31.412074+08:00
2020-07-03,121251068,1545550,63427958,58537937,58537937,62713131,0.482783,finmind,2026-07-22T04:17:31.412074+08:00
2020-07-10,121251068,1349550,63011958,58561937,58561937,62689131,0.482981,finmind,2026-07-22T04:17:31.412074+08:00
2020-07-17,121251068,1503550,64591958,58561937,58561937,62689131,0.482981,finmind,2026-07-22T04:17:31.412074+08:00
2020-07-24,121251068,1652550,63959958,58578937,58578937,62672131,0.483121,finmind,2026-07-22T04:17:31.412074+08:00
2020-07-31,121251068,1438550,63187810,58563937,58563937,62687131,0.482997,finmind,2026-07-22T04:17:31.412074+08:00
2020-08-07,121251068,1029550,62558810,58546937,58546937,62704131,0.482857,finmind,2026-07-22T04:17:31.412074+08:00
2020-08-14,121251068,1839550,63076810,58589937,58589937,62661131,0.483212,finmind,2026-07-22T04:17:31.412074+08:00
2020-08-21,121251068,1468550,63107810,58610937,58610937,62640131,0.483385,finmind,2026-07-22T04:17:31.412074+08:00
2020-08-28,121251068,955550,63283810,58626937,58626937,62624131,0.483517,finmind,2026-07-22T04:17:31.412074+08:00
2020-09-04,121251068,1246550,63710810,58465937,58465937,62785131,0.482189,finmind,2026-07-22T04:17:31.412074+08:00
2020-09-11,121251068,955550,63505274,58552401,58552401,62698667,0.482902,finmind,2026-07-22T04:17:31.412074+08:00
2020-09-18,121251068,684550,62564274,58540401,58540401,62710667,0.482803,finmind,2026-07-22T04:17:31.412074+08:00
2020-09-26,121251068,,62930164,58563291,58563291,62687777,0.482992,finmind,2026-07-22T04:17:31.412074+08:00
2020-09-30,121251068,1177550,62875164,58549291,58549291,62701777,0.482876,finmind,2026-07-22T04:17:31.412074+08:00
2020-10-08,121251068,1508550,63325164,58544291,58544291,62706777,0.482835,finmind,2026-07-22T04:17:31.412074+08:00
2020-10-16,121251068,1896550,62829680,58543807,58543807,62707261,0.482831,finmind,2026-07-22T04:17:31.412074+08:00
2020-10-23,121251068,1151550,63888680,58552807,58552807,62698261,0.482905,finmind,2026-07-22T04:17:31.412074+08:00
2020-10-30,121251068,1250550,62667680,58608807,58608807,62642261,0.483367,finmind,2026-07-22T04:17:31.412074+08:00
2020-11-06,121251068,1291550,62642680,58608807,58608807,62642261,0.483367,finmind,2026-07-22T04:17:31.412074+08:00
2020-11-13,121251068,1439550,63074680,58609807,58609807,62641261,0.483376,finmind,2026-07-22T04:17:31.412074+08:00
2020-11-20,121251068,1587550,63210680,58608807,58608807,62642261,0.483367,finmind,2026-07-22T04:17:31.412074+08:00
2020-11-27,121251068,1911550,62755680,58616807,58616807,62634261,0.483433,finmind,2026-07-22T04:17:31.412074+08:00
2020-12-04,121251068,1633550,60734560,57506687,57506687,63744381,0.474278,finmind,2026-07-22T04:17:31.412074+08:00
2020-12-11,121251068,1704550,60805560,57554687,57554687,63696381,0.474674,finmind,2026-07-22T04:17:31.412074+08:00
2020-12-18,121251068,1471550,61350560,57588687,57588687,63662381,0.474954,finmind,2026-07-22T04:17:31.412074+08:00
2020-12-25,121251068,1654550,61416560,57551687,57551687,63699381,0.474649,finmind,2026-07-22T04:17:31.412074+08:00
2020-12-31,121251068,1436550,62218560,58553687,58553687,62697381,0.482913,finmind,2026-07-22T04:17:31.412074+08:00
2021-01-08,121251068,2741550,65213560,58568687,58568687,62682381,0.483036,finmind,2026-07-22T04:17:31.412074+08:00
2021-01-15,121251068,4531550,63779560,59745687,59745687,61505381,0.492744,finmind,2026-07-22T04:17:31.412074+08:00
2021-01-22,121251068,2578551,62136560,59414687,59414687,61836381,0.490014,finmind,2026-07-22T04:17:31.412074+08:00
2021-01-29,121251068,2174551,62228560,59083687,59083687,62167381,0.487284,finmind,2026-07-22T04:17:31.412074+08:00
2021-02-05,121251068,1440551,61482954,57488081,57488081,63762987,0.474124,finmind,2026-07-22T04:17:31.412074+08:00
2021-02-09,121251068,1440551,61379954,57495081,57495081,63755987,0.474182,finmind,2026-07-22T04:17:31.412074+08:00
2021-02-20,121251068,,60562954,57515081,57515081,63735987,0.474347,finmind,2026-07-22T04:17:31.412074+08:00
2021-02-26,121251068,1146552,60939954,57516081,57516081,63734987,0.474355,finmind,2026-07-22T04:17:31.412074+08:00
2021-03-05,121251068,718552,65074954,59815081,59815081,61435987,0.493316,finmind,2026-07-22T04:17:31.412074+08:00
2021-03-12,121251068,769552,61618513,57489640,57489640,63761428,0.474137,finmind,2026-07-22T04:17:31.412074+08:00
2021-03-19,121251068,1946552,60895118,57523245,57523245,63727823,0.474414,finmind,2026-07-22T04:17:31.412074+08:00
2021-03-26,121251068,1339052,63995118,58492245,58492245,62758823,0.482406,finmind,2026-07-22T04:17:31.412074+08:00
2021-04-01,121251068,2423352,62948118,58566245,58566245,62684823,0.483016,finmind,2026-07-22T04:17:31.412074+08:00
2021-04-09,121251068,2095552,68034118,61407245,61407245,59843823,0.506447,finmind,2026-07-22T04:17:31.412074+08:00
2021-04-16,121251068,2286553,65467118,60897245,60897245,60353823,0.502241,finmind,2026-07-22T04:17:31.412074+08:00
2021-04-23,121251068,4315553,64718493,61131620,61131620,60119448,0.504174,finmind,2026-07-22T04:17:31.412074+08:00
2021-04-29,121251068,5944583,65544493,61452620,61452620,59798448,0.506821,finmind,2026-07-22T04:17:31.412074+08:00
2021-05-07,121251068,5787583,67216493,61477620,61477620,59773448,0.507027,finmind,2026-07-22T04:17:31.412074+08:00
2021-05-14,121251068,7119583,68737762,61462889,61462889,59788179,0.506906,finmind,2026-07-22T04:17:31.412074+08:00
2021-05-21,121251068,8711683,69869981,62930677,62930677,58320391,0.519011,finmind,2026-07-22T04:17:31.412074+08:00
2021-05-28,121251068,7889583,67440981,63434677,63434677,57816391,0.523168,finmind,2026-07-22T04:17:31.412074+08:00
2021-06-04,121251068,5040472,66127366,60590677,60590677,60660391,0.499713,finmind,2026-07-22T04:17:31.412074+08:00
2021-06-11,121251068,5405972,65591337,60103677,60103677,61147391,0.495696,finmind,2026-07-22T04:17:31.412074+08:00
2021-06-18,121251068,4793072,65751967,60100677,60100677,61150391,0.495671,finmind,2026-07-22T04:17:31.412074+08:00
2021-06-25,121251068,4746072,64515131,59117258,59117258,62133810,0.487561,finmind,2026-07-22T04:17:31.412074+08:00
2021-07-02,121251068,2227572,64730423,59955258,59955258,61295810,0.494472,finmind,2026-07-22T04:17:31.412074+08:00
2021-07-09,121251068,2399572,65020064,59014258,59014258,62236810,0.486711,finmind,2026-07-22T04:17:31.412074+08:00
2021-07-16,121251068,1463442,65299306,60226764,60226764,61024304,0.496711,finmind,2026-07-22T04:17:31.412074+08:00
2021-07-23,121251068,680442,63869431,58817990,58817990,62433078,0.485093,finmind,2026-07-22T04:17:31.412074+08:00
2021-07-30,121251068,996442,62808930,57591200,57591200,63659868,0.474975,finmind,2026-07-22T04:17:31.412074+08:00
2021-08-06,121251068,1250442,62241390,58599170,58599170,62651898,0.483288,finmind,2026-07-22T04:17:31.412074+08:00
2021-08-13,121251068,669442,62378538,57484200,57484200,63766868,0.474092,finmind,2026-07-22T04:17:31.412074+08:00
2021-08-20,121251068,1953442,61219443,57458600,57458600,63792468,0.473881,finmind,2026-07-22T04:17:31.412074+08:00
2021-08-27,121251068,1865442,61562837,57454994,57454994,63796074,0.473851,finmind,2026-07-22T04:17:31.412074+08:00
2021-09-03,121251068,1675442,60525205,57395362,57395362,63855706,0.47336,finmind,2026-07-22T04:17:31.412074+08:00
2021-09-11,121251068,,60473045,57362362,57362362,63888706,0.473087,finmind,2026-07-22T04:17:31.412074+08:00
2021-09-17,121251068,1319442,60058045,57382362,57382362,63868706,0.473252,finmind,2026-07-22T04:17:31.412074+08:00
2021-09-24,121251068,1542442,59966045,57341362,57341362,63909706,0.472914,finmind,2026-07-22T04:17:31.412074+08:00
2021-10-01,121251068,1806442,60205044,57309362,57309362,63941706,0.47265,finmind,2026-07-22T04:17:31.412074+08:00
2021-10-08,121251068,2763442,60900619,57294362,57294362,63956706,0.472527,finmind,2026-07-22T04:17:31.412074+08:00
2021-10-15,121251068,2856442,61208619,57284362,57284362,63966706,0.472444,finmind,2026-07-22T04:17:31.412074+08:00
2021-10-22,121251068,2797442,60467421,57284164,57284164,63966904,0.472443,finmind,2026-07-22T04:17:31.412074+08:00
2021-11-05,121251068,1754442,62092421,57274164,57274164,63976904,0.47236,finmind,2026-07-22T04:17:31.412074+08:00
2021-11-12,121251068,1797442,62003421,57297164,57297164,63953904,0.47255,finmind,2026-07-22T04:17:31.412074+08:00
2021-11-19,121251068,2066441,65585086,59039632,59039632,62211436,0.486921,finmind,2026-07-22T04:17:31.412074+08:00
2021-11-26,121251068,2510972,70410367,61910494,61910494,59340574,0.510598,finmind,2026-07-22T04:17:31.412074+08:00
2021-12-03,121251068,1954291,67901099,60735226,60735226,60515842,0.500905,finmind,2026-07-22T04:17:31.412074+08:00
2021-12-10,121251068,3171290,68456099,60884226,60884226,60366842,0.502134,finmind,2026-07-22T04:17:31.412074+08:00
2021-12-17,121251068,1728290,69102477,62243603,62243603,59007465,0.513345,finmind,2026-07-22T04:17:31.412074+08:00
2021-12-24,121251068,2237009,67992121,60707248,60707248,60543820,0.500674,finmind,2026-07-22T04:17:31.412074+08:00
2021-12-30,121251068,949109,65980121,59850248,59850248,61400820,0.493606,finmind,2026-07-22T04:17:31.412074+08:00
2022-01-07,121251068,1001209,63809981,58641289,58641289,62609779,0.483635,finmind,2026-07-22T04:17:31.412074+08:00
2022-01-14,121251068,905209,64602641,59779768,59779768,61471300,0.493025,finmind,2026-07-22T04:17:31.412074+08:00
2022-01-22,121251068,,65521532,59739659,59739659,61511409,0.492694,finmind,2026-07-22T04:17:31.412074+08:00
2022-01-28,121251068,1637209,65557635,59751762,59751762,61499306,0.492794,finmind,2026-07-22T04:17:31.412074+08:00
2022-02-18,121251068,1802309,65111635,59699762,59699762,61551306,0.492365,finmind,2026-07-22T04:17:31.412074+08:00
2022-02-25,121251068,796309,65311511,59793638,59793638,61457430,0.493139,finmind,2026-07-22T04:17:31.412074+08:00
2022-03-04,121251068,889309,65882745,59869872,59869872,61381196,0.493768,finmind,2026-07-22T04:17:31.412074+08:00
2022-03-11,121251068,1003309,65347484,59799611,59799611,61451457,0.493188,finmind,2026-07-22T04:17:31.412074+08:00
2022-03-18,121251068,1412309,66177521,59766648,59766648,61484420,0.492916,finmind,2026-07-22T04:17:31.412074+08:00
2022-03-25,121251068,1750309,67282194,59788567,59788567,61462501,0.493097,finmind,2026-07-22T04:17:31.412074+08:00
2022-04-01,121251068,980309,68049591,60065808,60065808,61185260,0.495384,finmind,2026-07-22T04:17:31.412074+08:00
2022-04-08,121251068,2798009,67956940,60109707,60109707,61141361,0.495746,finmind,2026-07-22T04:17:31.412074+08:00
2022-04-15,121251068,2230209,72296450,61855815,61855815,59395253,0.510147,finmind,2026-07-22T04:17:31.412074+08:00
2022-04-22,121251068,1111209,74456896,62602277,62602277,58648791,0.516303,finmind,2026-07-22T04:17:31.412074+08:00
2022-04-29,121251068,1403209,70842449,62580573,62580573,58670495,0.516124,finmind,2026-07-22T04:17:31.412074+08:00
2022-05-06,121251068,1014209,71494248,62673372,62673372,58577696,0.516889,finmind,2026-07-22T04:17:31.412074+08:00
2022-05-13,121251068,2106209,68878071,59619319,59619319,61631749,0.491701,finmind,2026-07-22T04:17:31.412074+08:00
2022-05-20,121251068,1412209,68421658,59710066,59710066,61541002,0.49245,finmind,2026-07-22T04:17:31.412074+08:00
2022-05-27,121251068,2336259,71399607,61559015,61559015,59692053,0.507699,finmind,2026-07-22T04:17:31.412074+08:00
2022-06-02,121251068,2161239,69006280,59626180,59626180,61624888,0.491758,finmind,2026-07-22T04:17:31.412074+08:00
2022-06-10,121251068,1109210,68150111,59632180,59632180,61618888,0.491807,finmind,2026-07-22T04:17:31.412074+08:00
2022-06-17,121251068,2173224,67622590,60020990,60020990,61230078,0.495014,finmind,2026-07-22T04:17:31.412074+08:00
2022-06-24,121251068,2548224,68676134,59868990,59868990,61382078,0.493761,finmind,2026-07-22T04:17:31.412074+08:00
2022-07-01,121251068,2424224,68536407,59886990,59886990,61364078,0.493909,finmind,2026-07-22T04:17:31.412074+08:00
2022-07-08,121251068,2005224,69372738,59841990,59841990,61409078,0.493538,finmind,2026-07-22T04:17:31.412074+08:00
2022-07-15,121251068,2345210,68652489,59855990,59855990,61395078,0.493653,finmind,2026-07-22T04:17:31.412074+08:00
2022-07-22,121251068,4112210,71906408,62112011,62112011,59139057,0.512259,finmind,2026-07-22T04:17:31.412074+08:00
2022-07-29,121251068,4540210,71642322,62257925,62257925,58993143,0.513463,finmind,2026-07-22T04:17:31.412074+08:00
2022-08-05,121251068,1374210,67209688,60543690,60543690,60707378,0.499325,finmind,2026-07-22T04:17:31.412074+08:00
2022-08-12,121251068,2284210,66890108,60388184,60388184,60862884,0.498042,finmind,2026-07-22T04:17:31.412074+08:00
2022-08-19,121251068,4298220,69244163,58939239,58939239,62311829,0.486093,finmind,2026-07-22T04:17:31.412074+08:00
2022-08-26,121251068,6318220,67325523,58989599,58989599,62261469,0.486508,finmind,2026-07-22T04:17:31.412074+08:00
2022-09-02,121251068,2650220,67961179,58917790,58917790,62333278,0.485916,finmind,2026-07-22T04:17:31.412074+08:00
2022-09-08,121251068,1972720,66342467,57838733,57838733,63412335,0.477016,finmind,2026-07-22T04:17:31.412074+08:00
2022-09-16,121251068,2142710,65229780,57785733,57785733,63465335,0.476579,finmind,2026-07-22T04:17:31.412074+08:00
2022-09-23,121251068,1996710,64093721,57796534,57796534,63454534,0.476668,finmind,2026-07-22T04:17:31.412074+08:00
2022-09-30,121251068,2526750,63461631,57756534,57756534,63494534,0.476338,finmind,2026-07-22T04:17:31.412074+08:00
2022-10-07,121251068,2803750,63235973,58021534,58021534,63229534,0.478524,finmind,2026-07-22T04:17:31.412074+08:00
2022-10-14,121251068,3038750,63549452,58034534,58034534,63216534,0.478631,finmind,2026-07-22T04:17:31.412074+08:00
2022-10-21,121251068,2019750,63586744,58058534,58058534,63192534,0.478829,finmind,2026-07-22T04:17:31.412074+08:00
2022-10-28,121251068,1745750,63666716,58079041,58079041,63172027,0.478998,finmind,2026-07-22T04:17:31.412074+08:00
2022-11-04,121251068,2643750,64104168,58076957,58076957,63174111,0.478981,finmind,2026-07-22T04:17:31.412074+08:00
2022-11-11,121251068,3321750,63350457,55730957,55730957,65520111,0.459633,finmind,2026-07-22T04:17:31.412074+08:00
2022-11-18,121251068,3600661,63908567,55704957,55704957,65546111,0.459418,finmind,2026-07-22T04:17:31.412074+08:00
2022-11-25,121251068,3653661,62660738,55710899,55710899,65540169,0.459467,finmind,2026-07-22T04:17:31.412074+08:00
2022-12-02,121251068,3209459,62946866,56831733,56831733,64419335,0.468711,finmind,2026-07-22T04:17:31.412074+08:00
2022-12-09,121251068,2698040,62979611,55754107,55754107,65496961,0.459824,finmind,2026-07-22T04:17:31.412074+08:00
2022-12-16,121251068,1752106,62358343,55773107,55773107,65477961,0.45998,finmind,2026-07-22T04:17:31.412074+08:00
2022-12-23,121251068,1386760,61083515,55775107,55775107,65475961,0.459997,finmind,2026-07-22T04:17:31.412074+08:00
2022-12-30,121251068,1434843,61081057,55781080,55781080,65469988,0.460046,finmind,2026-07-22T04:17:31.412074+08:00
2023-01-07,121251068,,61256340,55776363,55776363,65474705,0.460007,finmind,2026-07-22T04:17:31.412074+08:00
2023-01-13,121251068,1197850,61221046,55795363,55795363,65455705,0.460164,finmind,2026-07-22T04:17:31.412074+08:00
2023-01-19,121251068,1069850,61149479,55798363,55798363,65452705,0.460189,finmind,2026-07-22T04:17:31.412074+08:00
2023-02-04,121251068,,61024479,55785363,55785363,65465705,0.460081,finmind,2026-07-22T04:17:31.412074+08:00
2023-02-10,121251068,1734037,62061373,55780363,55780363,65470705,0.46004,finmind,2026-07-22T04:17:31.412074+08:00
2023-02-18,121251068,,61302829,55799363,55799363,65451705,0.460197,finmind,2026-07-22T04:17:31.412074+08:00
2023-02-24,121251068,1199650,61494547,55817950,55817950,65433118,0.46035,finmind,2026-07-22T04:17:31.412074+08:00
2023-03-03,121251068,1000650,60901327,55815950,55815950,65435118,0.460334,finmind,2026-07-22T04:17:31.412074+08:00
2023-03-10,121251068,1000650,60082766,54803950,54803950,66447118,0.451987,finmind,2026-07-22T04:17:31.412074+08:00
2023-03-17,121251068,443650,60177390,54812950,54812950,66438118,0.452062,finmind,2026-07-22T04:17:31.412074+08:00
2023-03-25,121251068,,60511864,55845996,55845996,65405072,0.460581,finmind,2026-07-22T04:17:31.412074+08:00
2023-03-31,121251068,594631,60986831,55945963,55945963,65305105,0.461406,finmind,2026-07-22T04:17:31.412074+08:00
2023-04-07,121251068,801631,61491779,56032911,56032911,65218157,0.462123,finmind,2026-07-22T04:17:31.412074+08:00
2023-04-14,121251068,966050,62263179,56144311,56144311,65106757,0.463042,finmind,2026-07-22T04:17:31.412074+08:00
2023-04-21,121251068,543050,61394950,56210082,56210082,65040986,0.463584,finmind,2026-07-22T04:17:31.412074+08:00
2023-04-28,121251068,485050,60867372,54882506,54882506,66368562,0.452635,finmind,2026-07-22T04:17:31.412074+08:00
2023-05-05,121251068,572050,60750233,54881506,54881506,66369562,0.452627,finmind,2026-07-22T04:17:31.412074+08:00
2023-05-12,121251068,630050,59764937,54881506,54881506,66369562,0.452627,finmind,2026-07-22T04:17:31.412074+08:00
2023-05-19,121251068,579050,59789299,54888506,54888506,66362562,0.452685,finmind,2026-07-22T04:17:31.412074+08:00
2023-05-26,121251068,778050,59802321,54878294,54878294,66372774,0.4526,finmind,2026-07-22T04:17:31.412074+08:00
2023-06-02,121251068,939050,59928912,54858193,54858193,66392875,0.452435,finmind,2026-07-22T04:17:31.412074+08:00
2023-06-09,121251068,943328,59762857,54864193,54864193,66386875,0.452484,finmind,2026-07-22T04:17:31.412074+08:00
2023-06-17,121251068,,59747543,54888193,54888193,66362875,0.452682,finmind,2026-07-22T04:17:31.412074+08:00
2023-06-21,121251068,721628,59648669,54892587,54892587,66358481,0.452718,finmind,2026-07-22T04:17:31.412074+08:00
2023-06-30,121251068,790049,59671579,54873587,54873587,66377481,0.452562,finmind,2026-07-22T04:17:31.412074+08:00
2023-07-07,121251068,738249,60757999,54861510,54861510,66389558,0.452462,finmind,2026-07-22T04:17:31.412074+08:00
2023-07-14,121251068,799449,61281917,55923993,55923993,65327075,0.461225,finmind,2026-07-22T04:17:31.412074+08:00
2023-07-21,121251068,726849,61945716,56063792,56063792,65187276,0.462378,finmind,2026-07-22T04:17:31.412074+08:00
2023-07-28,121251068,521849,61535292,56139368,56139368,65111700,0.463001,finmind,2026-07-22T04:17:31.412074+08:00
2023-08-04,121251068,452850,61036932,56072008,56072008,65179060,0.462445,finmind,2026-07-22T04:17:31.412074+08:00
2023-08-11,121251068,365850,60691491,56056567,56056567,65194501,0.462318,finmind,2026-07-22T04:17:31.412074+08:00
2023-08-18,121251068,587850,60573541,56012617,56012617,65238451,0.461956,finmind,2026-07-22T04:17:31.412074+08:00
2023-08-25,121251068,655850,60465102,55912178,55912178,65338890,0.461127,finmind,2026-07-22T04:17:31.412074+08:00
2023-09-01,121251068,946850,60846575,55848651,55848651,65402417,0.460603,finmind,2026-07-22T04:17:31.412074+08:00
2023-09-08,121251068,1025850,60688195,54842273,54842273,66408795,0.452303,finmind,2026-07-22T04:17:31.412074+08:00
2023-09-15,121251068,1261850,60692683,54841343,54841343,66409725,0.452296,finmind,2026-07-22T04:17:31.412074+08:00
2023-09-23,121251068,,60706667,54850163,54850163,66400905,0.452368,finmind,2026-07-22T04:17:31.412074+08:00
2023-09-28,121251068,1048850,60651372,54847163,54847163,66403905,0.452344,finmind,2026-07-22T04:17:31.412074+08:00
2023-10-06,121251068,1393850,60544449,54848163,54848163,66402905,0.452352,finmind,2026-07-22T04:17:31.412074+08:00
2023-10-13,121251068,2256850,60683009,54872163,54872163,66378905,0.45255,finmind,2026-07-22T04:17:31.412074+08:00
2023-10-20,121251068,2152850,61466009,55865085,55865085,65385983,0.460739,finmind,2026-07-22T04:17:31.412074+08:00
2023-10-27,121251068,2392850,62196012,56070088,56070088,65180980,0.46243,finmind,2026-07-22T04:17:31.412074+08:00
2023-11-03,121251068,2704850,62718012,56197088,56197088,65053980,0.463477,finmind,2026-07-22T04:17:31.412074+08:00
2023-11-10,121251068,2728050,62696554,56146610,56146610,65104458,0.463061,finmind,2026-07-22T04:17:31.412074+08:00
2023-11-17,121251068,2763050,62046518,55936594,55936594,65314474,0.461329,finmind,2026-07-22T04:17:31.412074+08:00
2023-11-24,121251068,2820050,63402828,55986904,55986904,65264164,0.461744,finmind,2026-07-22T04:17:31.412074+08:00
2023-12-01,121251068,3563050,63021026,56072077,56072077,65178991,0.462446,finmind,2026-07-22T04:17:31.412074+08:00
2023-12-08,121251068,3142070,61577047,55864469,55864469,65386599,0.460734,finmind,2026-07-22T04:17:31.412074+08:00
2023-12-15,121251068,2965070,62423703,55903894,55903894,65347174,0.461059,finmind,2026-07-22T04:17:31.412074+08:00
2023-12-22,121251068,2732011,61550712,55863788,55863788,65387280,0.460728,finmind,2026-07-22T04:17:31.412074+08:00
2023-12-29,121251068,2475011,62010273,55750004,55750004,65501064,0.45979,finmind,2026-07-22T04:17:31.412074+08:00
2024-01-05,121251068,2327011,61536404,55743138,55743138,65507930,0.459733,finmind,2026-07-22T04:17:31.412074+08:00
2024-01-12,121251068,1844011,61826166,54694951,54694951,66556117,0.451088,finmind,2026-07-22T04:17:31.412074+08:00
2024-01-19,121251068,1523011,61804510,54676647,54676647,66574421,0.450937,finmind,2026-07-22T04:17:31.412074+08:00
2024-01-26,121251068,1381011,61827007,55716405,55716405,65534663,0.459513,finmind,2026-07-22T04:17:31.412074+08:00
2024-02-02,121251068,1427111,61694077,54671647,54671647,66579421,0.450896,finmind,2026-07-22T04:17:31.412074+08:00
2024-02-07,121251068,1364111,61229462,54665584,54665584,66585484,0.450846,finmind,2026-07-22T04:17:31.412074+08:00
2024-02-17,121251068,,61160112,54665584,54665584,66585484,0.450846,finmind,2026-07-22T04:17:31.412074+08:00
2024-02-23,121251068,1644111,60747129,54674584,54674584,66576484,0.45092,finmind,2026-07-22T04:17:31.412074+08:00
2024-03-01,121251068,1626112,60262067,54675584,54675584,66575484,0.450929,finmind,2026-07-22T04:17:31.412074+08:00
2024-03-08,121251068,1497112,60427840,54680584,54680584,66570484,0.45097,finmind,2026-07-22T04:17:31.412074+08:00
2024-03-15,121251068,1367112,60007982,55144374,55144374,66106694,0.454795,finmind,2026-07-22T04:17:31.412074+08:00
2024-03-22,121251068,1250112,60095736,55118254,55118254,66132814,0.45458,finmind,2026-07-22T04:17:31.412074+08:00
2024-03-29,121251068,1384112,60403734,55081254,55081254,66169814,0.454274,finmind,2026-07-22T04:17:31.412074+08:00
2024-04-03,121251068,1348113,60010446,55080254,55080254,66170814,0.454266,finmind,2026-07-22T04:17:31.412074+08:00
2024-04-12,121251068,1566113,59909952,55132254,55132254,66118814,0.454695,finmind,2026-07-22T04:17:31.412074+08:00
2024-04-19,121251068,1618158,59012080,55147144,55147144,66103924,0.454818,finmind,2026-07-22T04:17:31.412074+08:00
2024-04-26,121251068,1823158,57893080,55134144,55134144,66116924,0.454711,finmind,2026-07-22T04:17:31.412074+08:00
2024-05-03,121251068,1755158,58280080,55094144,55094144,66156924,0.454381,finmind,2026-07-22T04:17:31.412074+08:00
2024-05-10,121251068,1806258,58662835,55050369,55050369,66200699,0.45402,finmind,2026-07-22T04:17:31.412074+08:00
2024-05-17,121251068,1822258,58259965,55014369,55014369,66236699,0.453723,finmind,2026-07-22T04:17:31.412074+08:00
2024-05-24,121251068,1707258,58373689,54986369,54986369,66264699,0.453492,finmind,2026-07-22T04:17:31.412074+08:00
2024-05-31,121251068,1931258,58378790,54981125,54981125,66269943,0.453449,finmind,2026-07-22T04:17:31.412074+08:00
2024-06-07,121251068,1849278,57758177,54940125,54940125,66310943,0.45311,finmind,2026-07-22T04:17:31.412074+08:00
2024-06-14,121251068,1900278,57809907,54916125,54916125,66334943,0.452913,finmind,2026-07-22T04:17:31.412074+08:00
2024-06-21,121251068,1814278,57938143,54877125,54877125,66373943,0.452591,finmind,2026-07-22T04:17:31.412074+08:00
2024-06-28,121251068,1789278,57984435,54837125,54837125,66413943,0.452261,finmind,2026-07-22T04:17:31.412074+08:00
2024-07-05,121251068,1930278,57932569,54807125,54807125,66443943,0.452014,finmind,2026-07-22T04:17:31.412074+08:00
2024-07-12,121251068,1392308,57839883,54772125,54772125,66478943,0.451725,finmind,2026-07-22T04:17:31.412074+08:00
2024-07-19,121251068,1488308,58111454,54679125,54679125,66571943,0.450958,finmind,2026-07-22T04:17:31.412074+08:00
2024-07-26,121251068,1460628,58031617,54680125,54680125,66570943,0.450966,finmind,2026-07-22T04:17:31.412074+08:00
2024-08-02,121251068,2009396,58061219,54662125,54662125,66588943,0.450818,finmind,2026-07-22T04:17:31.412074+08:00
2024-08-09,121251068,2005328,58125866,54645125,54645125,66605943,0.450677,finmind,2026-07-22T04:17:31.412074+08:00
2024-08-16,121251068,2147328,57898637,54619913,54619913,66631155,0.45047,finmind,2026-07-22T04:17:31.412074+08:00
2024-08-23,121251068,2199358,58365741,54597728,54597728,66653340,0.450287,finmind,2026-07-22T04:17:31.412074+08:00
2024-08-30,121251068,2140358,57673928,54576640,54576640,66674428,0.450113,finmind,2026-07-22T04:17:31.412074+08:00
2024-09-06,121251068,2125358,57631847,54564640,54564640,66686428,0.450014,finmind,2026-07-22T04:17:31.412074+08:00
2024-09-13,121251068,2215358,57611044,54532640,54532640,66718428,0.44975,finmind,2026-07-22T04:17:31.412074+08:00
2024-09-20,121251068,2252358,58047761,54526640,54526640,66724428,0.4497,finmind,2026-07-22T04:17:31.412074+08:00
2024-09-27,121251068,2432358,58467118,54486640,54486640,66764428,0.44937,finmind,2026-07-22T04:17:31.412074+08:00
2024-10-04,121251068,2397358,58578680,54475520,54475520,66775548,0.449279,finmind,2026-07-22T04:17:31.412074+08:00
2024-10-11,121251068,1731358,58129275,54446520,54446520,66804548,0.44904,finmind,2026-07-22T04:17:31.412074+08:00
2024-10-18,121251068,1899358,58271790,55501854,55501854,65749214,0.457743,finmind,2026-07-22T04:17:31.412074+08:00
2024-10-25,121251068,2542708,58193544,54452520,54452520,66798548,0.449089,finmind,2026-07-22T04:17:31.412074+08:00
2024-11-01,121251068,2127828,58066380,54475520,54475520,66775548,0.449279,finmind,2026-07-22T04:17:31.412074+08:00
2024-11-08,121251068,2219828,58150007,54451914,54451914,66799154,0.449084,finmind,2026-07-22T04:17:31.412074+08:00
2024-11-15,121251068,2307828,58145197,54434914,54434914,66816154,0.448944,finmind,2026-07-22T04:17:31.412074+08:00
2024-11-22,121251068,2589828,58239023,54416914,54416914,66834154,0.448795,finmind,2026-07-22T04:17:31.412074+08:00
2024-11-29,121251068,2557828,58301185,55459249,55459249,65791819,0.457392,finmind,2026-07-22T04:17:31.412074+08:00
2024-12-06,121251068,2630828,58387245,55546309,55546309,65704759,0.45811,finmind,2026-07-22T04:17:31.412074+08:00
2024-12-13,121251068,2566828,58367765,55530829,55530829,65720239,0.457982,finmind,2026-07-22T04:17:31.412074+08:00
2024-12-20,121251068,2728828,58349143,55513207,55513207,65737861,0.457837,finmind,2026-07-22T04:17:31.412074+08:00
2024-12-27,121251068,2596828,58779048,55543112,55543112,65707956,0.458083,finmind,2026-07-22T04:17:31.412074+08:00
2025-01-03,121251068,2745828,58760753,55540817,55540817,65710251,0.458065,finmind,2026-07-22T04:17:31.412074+08:00
2025-01-10,121251068,3131828,59150390,55474454,55474454,65776614,0.457517,finmind,2026-07-22T04:17:31.412074+08:00
2025-01-17,121251068,2836829,58671851,55453915,55453915,65797153,0.457348,finmind,2026-07-22T04:17:31.412074+08:00
2025-01-24,121251068,2907829,58600027,55360091,55360091,65890977,0.456574,finmind,2026-07-22T04:17:31.412074+08:00
2025-02-08,121251068,,58637507,55359571,55359571,65891497,0.45657,finmind,2026-07-22T04:17:31.412074+08:00
2025-02-14,121251068,3228829,58752411,55376475,55376475,65874593,0.456709,finmind,2026-07-22T04:17:31.412074+08:00
2025-02-21,121251068,3521074,59247346,55454410,55454410,65796658,0.457352,finmind,2026-07-22T04:17:31.412074+08:00
2025-02-27,121251068,3639075,59271483,55400547,55400547,65850521,0.456908,finmind,2026-07-22T04:17:31.412074+08:00
2025-03-07,121251068,3523075,59181058,54330194,54330194,66920874,0.44808,finmind,2026-07-22T04:17:31.412074+08:00
2025-03-14,121251068,3391647,58994815,54333194,54333194,66917874,0.448105,finmind,2026-07-22T04:17:31.412074+08:00
2025-03-21,121251068,3368647,59043701,54336194,54336194,66914874,0.44813,finmind,2026-07-22T04:17:31.412074+08:00
2025-03-28,121251068,3003647,58985285,54725194,54725194,66525874,0.451338,finmind,2026-07-22T04:17:31.412074+08:00
2025-04-02,121251068,2940647,59373014,53787194,53787194,67463874,0.443602,finmind,2026-07-22T04:17:31.412074+08:00
2025-04-11,121251068,2993648,59236383,54665194,54665194,66585874,0.450843,finmind,2026-07-22T04:17:31.412074+08:00
2025-04-18,121251068,3025648,59038030,54444194,54444194,66806874,0.44902,finmind,2026-07-22T04:17:31.412074+08:00
2025-04-25,121251068,3228648,59730065,54278194,54278194,66972874,0.447651,finmind,2026-07-22T04:17:31.412074+08:00
2025-05-02,121251068,2874648,59183517,54139194,54139194,67111874,0.446505,finmind,2026-07-22T04:17:31.412074+08:00
2025-05-09,121251068,2621648,58116514,54003194,54003194,67247874,0.445383,finmind,2026-07-22T04:17:31.412074+08:00
2025-05-16,121251068,2735648,58444334,53789194,53789194,67461874,0.443618,finmind,2026-07-22T04:17:31.412074+08:00
2025-05-23,121251068,2595647,57325805,53656528,53656528,67594540,0.442524,finmind,2026-07-22T04:17:31.412074+08:00
2025-05-29,121251068,2533677,57205031,53587528,53587528,67663540,0.441955,finmind,2026-07-22T04:17:31.412074+08:00
2025-06-06,121251068,2504435,57373173,53680528,53680528,67570540,0.442722,finmind,2026-07-22T04:17:31.412074+08:00
2025-06-13,121251068,2201435,57295592,53623528,53623528,67627540,0.442252,finmind,2026-07-22T04:17:31.412074+08:00
2025-06-20,121251068,2102435,56720623,53520528,53520528,67730540,0.441403,finmind,2026-07-22T04:17:31.412074+08:00
2025-06-27,121251068,1946367,57053298,53413528,53413528,67837540,0.44052,finmind,2026-07-22T04:17:31.412074+08:00
2025-07-04,121251068,1878862,56956435,53355528,53355528,67895540,0.440042,finmind,2026-07-22T04:17:31.412074+08:00
2025-07-11,121251068,1693039,56898011,53309528,53309528,67941540,0.439662,finmind,2026-07-22T04:17:31.412074+08:00
2025-07-18,121251068,1749510,57319004,53273528,53273528,67977540,0.439365,finmind,2026-07-22T04:17:31.412074+08:00
2025-07-25,121251068,1950510,57486864,53229528,53229528,68021540,0.439003,finmind,2026-07-22T04:17:31.412074+08:00
2025-08-01,121251068,2043510,57575138,54189202,54189202,67061866,0.446917,finmind,2026-07-22T04:17:31.412074+08:00
2025-08-08,121251068,2142610,57493046,53127528,53127528,68123540,0.438161,finmind,2026-07-22T04:17:31.412074+08:00
2025-08-15,121251068,2330610,57358361,52656528,52656528,68594540,0.434277,finmind,2026-07-22T04:17:31.412074+08:00
2025-08-22,121251068,2075630,56731891,52631528,52631528,68619540,0.434071,finmind,2026-07-22T04:17:31.412074+08:00
2025-08-29,121251068,1834630,57135814,52542528,52542528,68708540,0.433337,finmind,2026-07-22T04:17:31.412074+08:00
2025-09-05,121251068,1519630,57048733,52467528,52467528,68783540,0.432718,finmind,2026-07-22T04:17:31.412074+08:00
2025-09-12,121251068,1477630,57132515,52456465,52456465,68794603,0.432627,finmind,2026-07-22T04:17:31.412074+08:00
2025-09-19,121251068,1542630,57035814,52394465,52394465,68856603,0.432115,finmind,2026-07-22T04:17:31.412074+08:00
2025-09-26,121251068,1526765,56686718,53412782,53412782,67838286,0.440514,finmind,2026-07-22T04:17:31.412074+08:00
2025-10-03,121251068,1690765,56725235,53400299,53400299,67850769,0.440411,finmind,2026-07-22T04:17:31.412074+08:00
2025-10-09,121251068,1736765,56693678,53373742,53373742,67877326,0.440192,finmind,2026-07-22T04:17:31.412074+08:00
2025-10-17,121251068,1803765,57093947,52322465,52322465,68928603,0.431522,finmind,2026-07-22T04:17:31.412074+08:00
2025-10-23,121251068,2299765,56893362,52107465,52107465,69143603,0.429749,finmind,2026-07-22T04:17:31.412074+08:00
2025-10-31,121251068,2193765,57162382,52084465,52084465,69166603,0.429559,finmind,2026-07-22T04:17:31.412074+08:00
2025-11-07,121251068,2273765,57666872,52094465,52094465,69156603,0.429641,finmind,2026-07-22T04:17:31.412074+08:00
2025-11-14,121251068,2713765,57908559,52105465,52105465,69145603,0.429732,finmind,2026-07-22T04:17:31.412074+08:00
2025-11-21,121251068,2995765,57699029,52081464,52081464,69169604,0.429534,finmind,2026-07-22T04:17:31.412074+08:00
2025-11-28,121251068,3123765,57825344,51969464,51969464,69281604,0.42861,finmind,2026-07-22T04:17:31.412074+08:00
2025-12-05,121251068,3204765,57799889,51966464,51966464,69284604,0.428586,finmind,2026-07-22T04:17:31.412074+08:00
2025-12-12,121251068,3638765,57328941,51999464,51999464,69251604,0.428858,finmind,2026-07-22T04:17:31.412074+08:00
2025-12-19,121251068,3646765,56520725,52029464,52029464,69221604,0.429105,finmind,2026-07-22T04:17:31.412074+08:00
2025-12-26,121251068,3933765,57018154,52020464,52020464,69230604,0.429031,finmind,2026-07-22T04:17:31.412074+08:00
2026-01-02,121251068,4199765,57060777,52005464,52005464,69245604,0.428907,finmind,2026-07-22T04:17:31.412074+08:00
2026-01-09,121251068,4206765,57154561,53087625,53087625,68163443,0.437832,finmind,2026-07-22T04:17:31.412074+08:00
2026-01-16,121251068,4886764,57680044,53144108,53144108,68106960,0.438298,finmind,2026-07-22T04:17:31.412074+08:00
2026-01-23,121251068,5071764,57754242,53221306,53221306,68029762,0.438935,finmind,2026-07-22T04:17:31.412074+08:00
2026-01-30,121251068,4635764,58156443,53120507,53120507,68130561,0.438103,finmind,2026-07-22T04:17:31.412074+08:00
2026-02-06,121251068,4502764,57948155,53042219,53042219,68208849,0.437458,finmind,2026-07-22T04:17:31.412074+08:00
2026-02-13,121251068,4599794,58007705,53003769,53003769,68247299,0.437141,finmind,2026-07-22T04:17:31.412074+08:00
2026-02-26,121251068,4909194,57576822,52998886,52998886,68252182,0.4371,finmind,2026-07-22T04:17:31.412074+08:00
2026-03-06,121251068,4752194,57124723,52678787,52678787,68572281,0.43446,finmind,2026-07-22T04:17:31.412074+08:00
2026-03-13,121251068,5069194,57173145,52756209,52756209,68494859,0.435099,finmind,2026-07-22T04:17:31.412074+08:00
2026-03-20,121251068,5116196,57151659,52736723,52736723,68514345,0.434938,finmind,2026-07-22T04:17:31.412074+08:00
2026-03-27,121251068,5094198,57597995,52719059,52719059,68532009,0.434793,finmind,2026-07-22T04:17:31.412074+08:00
2026-04-02,121251068,5015198,57684772,52565837,52565837,68685231,0.433529,finmind,2026-07-22T04:17:31.412074+08:00
2026-04-10,121251068,5047198,58243772,52566837,52566837,68684231,0.433537,finmind,2026-07-22T04:17:31.412074+08:00
2026-04-17,121251068,4858201,57744006,51564901,51564901,69686167,0.425274,finmind,2026-07-22T04:17:31.412074+08:00
2026-04-24,121251068,4694201,57171361,52847425,52847425,68403643,0.435851,finmind,2026-07-22T04:17:31.412074+08:00
2026-04-30,121251068,4496201,57071476,52730540,52730540,68520528,0.434887,finmind,2026-07-22T04:17:31.412074+08:00
2026-05-08,121251068,4351207,57851413,52642477,52642477,68608591,0.434161,finmind,2026-07-22T04:17:31.412074+08:00
2026-05-15,121251068,4547277,57850338,52610402,52610402,68640666,0.433896,finmind,2026-07-22T04:17:31.412074+08:00
2026-05-22,121251068,4558277,58573559,52811623,52811623,68439445,0.435556,finmind,2026-07-22T04:17:31.412074+08:00
2026-05-29,121251068,4639327,58302578,52931642,52931642,68319426,0.436546,finmind,2026-07-22T04:17:31.412074+08:00
2026-06-05,121251068,5002327,58396660,53063724,53063724,68187344,0.437635,finmind,2026-07-22T04:17:31.412074+08:00
2026-06-12,121251068,5172327,58547320,53026384,53026384,68224684,0.437327,finmind,2026-07-22T04:17:31.412074+08:00
2026-06-18,121251068,2585327,58498783,53049847,53049847,68201221,0.437521,finmind,2026-07-22T04:17:31.412074+08:00
2026-06-26,121251068,2911327,58006692,52984756,52984756,68266312,0.436984,finmind,2026-07-22T04:17:31.412074+08:00
2026-07-03,121251068,2961327,57911253,52981317,52981317,68269751,0.436955,finmind,2026-07-22T04:17:31.412074+08:00
2026-07-09,121251068,3227327,57613253,52703317,52703317,68547751,0.434663,finmind,2026-07-22T04:17:31.412074+08:00
2026-07-17,121251068,3059327,56495717,52590781,52590781,68660287,0.433735,finmind,2026-07-22T04:17:31.412074+08:00
2026-07-24,121251068,3211327,56980975,52618039,52618039,68633029,0.433959,finmind,2026-07-25T08:08:49.728364+08:00
2026-07-31,121251068,3399327,57500121,52593185,52593185,68657883,0.433754,finmind,2026-08-01T08:06:47.997276+08:00
2026-08-07,121251068,3496377,57498043,52578107,52578107,68672961,0.43363,finmind,2026-08-08T07:38:19.006715+08:00
2026-08-14,121251068,3645377,57640758,51604823,51604823,69646245,0.425603,finmind,2026-08-15T07:27:17.265049+08:00
